x1,x2,x3,x4,x5,x6,x7,x8,x9,x10,x11,x12,x13,x14,x15,x16,x17,x18,x19,x20,x21,x22,x23,x24,x25,x26,x27,x28,x29,x30,x31,x32,x33,x34,x35,x36,x37,x38,x39,x40,x41,x42,x43,x44,x45,x46,x47,x48,x49,x50,x51,x52,x53,x54,x55,x56,x57,x58,x59,x60,x61,x62,x63,x64,x65,x66,x67,x68,x69,x70,x71,x72
0.00499985308315007,0.00499985308315007,0.0037687696085640797,0.008915287333273327,0.0047234888731438225,0.007638280849342559,0.004339661077299311,0.009038788025443287,0.004925588811757875,0.008289826965812506,0.0,0.00985117762351575,0.008662017031494756,0.004024002393081531,0.007738380467076128,0.007967807012902584,0.009083810189604153,0.00858874499877981,0.008626278007763654,0.008106585635954705,0.009305637188733968,0.008435590075269889,0.0,0.008726011593381749,0.007930874408089433,0.004655270363170696,0.008515821505972989,0.00888655574940645,0.008261228951577305,0.00834939532183164,0.00854151360974591,0.008975402764526998,0.00868893945006388,0.008576557044238278,0.0,0.008642139125058445,0.008737703688416908,0.0046015376141939224,0.008315219376981504,0.008934086007492806,0.008798676984164566,0.008968596020083503,0.008515107439455487,0.008479572767270268,0.00828834390360744,0.00808055942024155,0.0,0.009644086314425234,0.008465485540980179,0.005096825361229885,0.009091247223434632,0.009574159255649809,0.008511235404617299,0.008249329739082711,0.008266846440754018,0.008901006616775396,0.008547941666312018,0.008218653820855498,0.0,0.010065710697868527,0.01019365072245977,0.0,0.008420870210703337,0.0,0.008853894913850876,0.0,0.008372783667970589,0.0,0.010065710697868527,0.0,0.0,0.0
0.00499985308315007,0.00499985308315007,0.0037687696085640797,0.008915287333273327,0.0047234888731438225,0.007638280849342559,0.004339661077299311,0.009038788025443287,0.004925588811757875,0.008289826965812506,0.0,0.00985117762351575,0.008662017031494756,0.004024002393081531,0.007738380467076128,0.007967807012902584,0.009083810189604153,0.00858874499877981,0.008626278007763654,0.008106585635954705,0.009305637188733968,0.008435590075269889,0.0,0.008726011593381749,0.007930874408089433,0.004655270363170696,0.008515821505972989,0.00888655574940645,0.008261228951577305,0.00834939532183164,0.00854151360974591,0.008975402764526998,0.00868893945006388,0.008576557044238278,0.0,0.008642139125058445,0.008737703688416908,0.0046015376141939224,0.008315219376981504,0.008934086007492806,0.008798676984164566,0.008968596020083503,0.008515107439455487,0.008479572767270268,0.00828834390360744,0.00808055942024155,0.0,0.009644086314425234,0.008465485540980179,0.005096825361229885,0.009091247223434632,0.009574159255649809,0.008511235404617299,0.008249329739082711,0.008266846440754018,0.008901006616775396,0.008547941666312018,0.008218653820855498,0.0,0.010065710697868527,0.01019365072245977,0.0,0.008420870210703337,0.0,0.008853894913850876,0.0,0.008372783667970589,0.0,0.010065710697868527,0.0,0.0,0.0
0.0037687696085640797,0.0037687696085640797,0.004958079694339884,0.006532265384160741,0.0036653161465616335,0.00869692696611081,0.004265754759285472,0.007306739549503896,0.004624605680246675,0.00783990927356571,0.0,0.00924921136049335,0.007117094934313475,0.004705580224427681,0.00902067670747744,0.0090268038263126,0.007271767794744692,0.006918495324689891,0.008238529197395232,0.007773354906644266,0.008691665807280593,0.007787369280574225,0.0,0.008567214466579647,0.00863853213362907,0.004204902748068266,0.006814285175148236,0.008064278161015135,0.00804776221366319,0.008009506303082725,0.007949611288104789,0.008287827508369186,0.008506709141027509,0.008227134651533139,0.0,0.007841763406615417,0.00797357365223895,0.004526611096703811,0.008128635707906172,0.008608312337742556,0.008129562902105996,0.00808204528232765,0.008337707582829562,0.007850864131212621,0.007796963207783293,0.007679373234667505,0.0,0.008575771124804968,0.008310211186305443,0.004601878065330813,0.008180364468425846,0.008821327597479788,0.007961582925541126,0.007718095160030736,0.007397073926240509,0.008089223359102853,0.007783393997621614,0.007970729530784832,0.0,0.009541186478837015,0.009203756130661626,0.0,0.007624301213678499,0.0,0.008048159869667643,0.0,0.00846983930294914,0.0,0.009541186478837015,0.0,0.0,0.0
0.008915287333273327,0.008915287333273327,0.006532265384160741,0.01618241796101887,0.009027375053138918,0.013697763973502655,0.00829286809048092,0.017046686920146544,0.00918437772957034,0.015830003723997996,0.0,0.01836875545914068,0.01590754110434412,0.007777066752749878,0.013729900582924892,0.015415016097044081,0.0172568679356683,0.01615738918026404,0.01641434674539037,0.015249120288297204,0.017320357833472955,0.015703352620646087,0.0,0.016642714742355,0.01527072200307012,0.008773866711644707,0.016218789841242507,0.016768861334957922,0.015452902485278341,0.015416835079885458,0.015938972397369543,0.016849198483873208,0.016435812653889652,0.015841190937964034,0.0,0.016246544833345433,0.016527892428341004,0.008603102715743547,0.015505754346105979,0.016714285139747164,0.016412303323118157,0.01682890184158544,0.015643671961762813,0.01607797083324298,0.015587099530290298,0.015320901311662465,0.0,0.01789118960456644,0.015691005600842675,0.009727714985744816,0.016921078904464974,0.0181779955702573,0.016081820994422534,0.015402920534629166,0.015567718984727297,0.016736157291806556,0.015958866894089194,0.015611823368937105,0.0,0.01863921130358795,0.01945542997148963,0.0,0.01589033512154567,0.0,0.016627501056356523,0.0,0.01585595210391711,0.0,0.01863921130358795,0.0,0.0,0.0
0.0047234888731438225,0.0047234888731438225,0.0036653161465616335,0.009027375053138918,0.004981897021195133,0.006620914411980063,0.003564017567594502,0.008919649937946092,0.0049409837413245256,0.007319859905415113,0.0,0.009881967482649051,0.008729466155380608,0.004228186698370315,0.007243067112910124,0.008130581875620184,0.00908468585872485,0.008835019058053933,0.0074157676852121095,0.007043217424669581,0.009336627724276379,0.008205134515853016,0.0,0.008236201035717275,0.008073543782684326,0.004668902533260522,0.008687435245981118,0.008914492179427948,0.00709942470789841,0.00778314953869409,0.008261936877034118,0.008917269916867884,0.0083878027232078,0.007946173492148068,0.0,0.0087224705301431,0.008673282745498287,0.004433951397173767,0.0076723846715773154,0.008500493505613894,0.008878189974635757,0.008484594853909266,0.007970339806536686,0.008153879357389185,0.008233952805176855,0.008291001934103454,0.0,0.008775169534546656,0.00797083768655104,0.004976039800605464,0.0086577760833063,0.009384006658037689,0.008167249622525307,0.00769622889432996,0.008284360087671607,0.008666965249074366,0.008038966755662678,0.00791596805545762,0.0,0.009687899748663475,0.009952079601210927,0.0,0.007919294635430115,0.0,0.008516739604176513,0.0,0.008287506758780212,0.0,0.009687899748663475,0.0,0.0,0.0
0.007638280849342559,0.007638280849342559,0.00869692696611081,0.013697763973502655,0.006620914411980063,0.01560010513836468,0.008167989140826547,0.01358941272512615,0.008744319145121087,0.015133134909106484,0.0,0.017488638290242175,0.014244590897494566,0.008874331207219924,0.01640725933286488,0.017177291548276557,0.013513074569409896,0.013356957169598276,0.015794656885118222,0.01489037713871389,0.016469821659706875,0.014744038207569409,0.0,0.01610495429845411,0.016450695229605176,0.008043578116416329,0.013187677107161391,0.015559296037074328,0.015321627401376891,0.015064456338828807,0.015150502591428368,0.01567299573404935,0.0159486446736609,0.015487406528405512,0.0,0.015276642745752697,0.015390206653781009,0.008515578812285788,0.015305231426244447,0.016346085019035752,0.015476442195359482,0.015587952829904992,0.015616077810661013,0.014707571766499268,0.014980881739128983,0.014326566233749276,0.0,0.01638844294331253,0.01562686711716684,0.008835706591501173,0.01562691175623337,0.016903862430122443,0.014920193203056114,0.014698022288250854,0.013907002965166388,0.01543383099926689,0.014769997267499018,0.015081334313132437,0.0,0.018152537438648808,0.017671413183002346,0.0,0.01456710596026559,0.0,0.015494967228133785,0.0,0.01581115667076656,0.0,0.018152537438648808,0.0,0.0,0.0
0.004339661077299311,0.004339661077299311,0.004265754759285472,0.00829286809048092,0.003564017567594502,0.008167989140826547,0.004909165916018636,0.006274698493483032,0.003763529249951639,0.008361179757228825,0.0,0.007527058499903278,0.007915809624049858,0.004355278733363062,0.008211163944370627,0.008118679097921631,0.006995525193813114,0.0075944268073273955,0.008913288936860931,0.007775600619662738,0.0074054544138430585,0.0067444510348860925,0.0,0.00832621982616718,0.008199763875427236,0.004133408340153513,0.007479419307093097,0.007925878686637551,0.007708795856251186,0.007919979268101696,0.006642776275599286,0.007927853498022585,0.008236437815633003,0.008071533371367332,0.0,0.0077340533718197125,0.007901592403829212,0.004371691453958858,0.007991672270718328,0.008414729452999481,0.007804645491572637,0.007713984090925745,0.008098398508707808,0.007989690076264015,0.007559304882661564,0.007295273682447434,0.0,0.008499294547242136,0.007821918066575744,0.00451515920718933,0.007810771076819574,0.008642104176441033,0.007969379342251809,0.007780209069511979,0.007156271740405209,0.007731519490977446,0.007766571441968208,0.00772417389021173,0.0,0.008818545950170422,0.00903031841437866,0.0,0.007874401603935498,0.0,0.007706382992940573,0.0,0.007908714103814704,0.0,0.008818545950170422,0.0,0.0,0.0
0.009038788025443287,0.009038788025443287,0.007306739549503896,0.017046686920146544,0.008919649937946092,0.01358941272512615,0.006274698493483032,0.016288664035383794,0.009518201490615857,0.013522717270883066,0.0,0.019036402981231715,0.01649055844572232,0.008153783441963753,0.01443772266611245,0.015712875753548287,0.01653016623145586,0.016506397460248907,0.01330663539947516,0.013520845251892837,0.017890733881981563,0.015790497299974397,0.0,0.015487066504761048,0.01545741987470478,0.008775809790768491,0.016272700792404046,0.016786665488232665,0.013745486999058415,0.014703017951212835,0.016037139488833337,0.01689414742512104,0.015758859418276965,0.014689221263298193,0.0,0.016664850066015372,0.016323957797048358,0.008398685896762622,0.014522308657540506,0.016228219573047754,0.016760071300534526,0.016006663154028426,0.014776778786972866,0.015204637519527076,0.01571902696673295,0.015569278860770164,0.0,0.016820048614779336,0.015143416269310882,0.009408000161920935,0.01626569572092529,0.017800723653162473,0.015384297568012852,0.014531353000392043,0.01564329847822149,0.01653895249690772,0.01534886232779079,0.015041219625707961,0.0,0.018435352185977378,0.01881600032384187,0.0,0.01488280799437319,0.0,0.01635397032021655,0.0,0.01572220031542266,0.0,0.018435352185977378,0.0,0.0,0.0
0.004925588811757875,0.004925588811757875,0.004624605680246675,0.00918437772957034,0.0049409837413245256,0.008744319145121087,0.003763529249951639,0.009518201490615857,0.005000009900980296,0.0069157858417811715,0.0,0.010000019801960592,0.009092926213860575,0.004807517261770598,0.009024319078660916,0.00911566281357823,0.009504764597558732,0.008541100341261902,0.007782756653661546,0.008005242556652428,0.009035211259525184,0.008801151346642224,0.0,0.007349141241512408,0.008983749204812954,0.004752918474306329,0.008653900854527987,0.009077051849969176,0.0082310080761347,0.008459428538212233,0.008956133777095083,0.009269593709367942,0.007853811764737163,0.008029783480410564,0.0,0.00924352639840595,0.008919118289781045,0.004733372632874808,0.00840405537908227,0.009042583747584723,0.009195769691440835,0.009054224533232546,0.008274003257975641,0.008296680028176876,0.008877562284276642,0.008558327143568984,0.0,0.009105613170957904,0.008627000551399743,0.005182280347777442,0.009194389032391871,0.009857308590749585,0.008543006630936777,0.008108585013125991,0.008611573080401265,0.009014324423076868,0.00834361346111856,0.008432263889812181,0.0,0.010185389055653277,0.010364560695554885,0.0,0.008144112514992998,0.0,0.008967142296411733,0.0,0.008756345319728775,0.0,0.010185389055653277,0.0,0.0,0.0
0.008289826965812506,0.008289826965812506,0.00783990927356571,0.015830003723997996,0.007319859905415113,0.015133134909106484,0.008361179757228825,0.013522717270883066,0.0069157858417811715,0.014743874971828792,0.0,0.013831571683562343,0.01505297213831941,0.008108371819875868,0.015208363765798203,0.015303475769806816,0.014203526816160873,0.0147498277868582,0.015560055126237593,0.014467159564703317,0.013849524610368157,0.013352208025113815,0.0,0.015925653727387936,0.015183903783066104,0.007869101046188659,0.014293726947965888,0.01509226612042293,0.014475301186311922,0.014902050802215504,0.013363196343003049,0.014974251962024123,0.015577427278728162,0.014958972427463349,0.0,0.014510032739625731,0.015016888315941813,0.00807714553713149,0.015014522556137415,0.015751339957954257,0.014796451517095223,0.014808065095723634,0.014946525477929188,0.014897939282313004,0.014227727922060583,0.014033049121511834,0.0,0.015866101263918977,0.014651782535689918,0.00868484419272247,0.01495797439828701,0.016425661515921484,0.014823594364896463,0.014382246726505926,0.013792050357554049,0.015036888035766575,0.014581229894166095,0.014554898986542334,0.0,0.01678732728684777,0.01736968838544494,0.0,0.01458565082953144,0.0,0.014976729624421491,0.0,0.014798927826923209,0.0,0.01678732728684777,0.0,0.0,0.0
0.0,0.0,0.0,0.0,0.0,0.0,0.0,0.0,0.0,0.0,0.0,0.0,0.0,0.0,0.0,0.0,0.0,0.0,0.0,0.0,0.0,0.0,0.0,0.0,0.0,0.0,0.0,0.0,0.0,0.0,0.0,0.0,0.0,0.0,0.0,0.0,0.0,0.0,0.0,0.0,0.0,0.0,0.0,0.0,0.0,0.0,0.0,0.0,0.0,0.0,0.0,0.0,0.0,0.0,0.0,0.0,0.0,0.0,0.0,0.0,0.0,0.0,0.0,0.0,0.0,0.0,0.0,0.0,0.0,0.0,0.0,0.0
0.00985117762351575,0.00985117762351575,0.00924921136049335,0.01836875545914068,0.009881967482649051,0.017488638290242175,0.007527058499903278,0.019036402981231715,0.010000019801960592,0.013831571683562343,0.0,0.020000039603921185,0.01818585242772115,0.009615034523541196,0.01804863815732183,0.01823132562715646,0.019009529195117465,0.017082200682523804,0.015565513307323092,0.016010485113304856,0.018070422519050368,0.017602302693284447,0.0,0.014698282483024816,0.017967498409625908,0.009505836948612657,0.017307801709055975,0.01815410369993835,0.0164620161522694,0.016918857076424466,0.017912267554190165,0.018539187418735885,0.015707623529474326,0.01605956696082113,0.0,0.0184870527968119,0.01783823657956209,0.009466745265749615,0.01680811075816454,0.018085167495169446,0.01839153938288167,0.018108449066465093,0.016548006515951282,0.016593360056353753,0.017755124568553285,0.017116654287137968,0.0,0.01821122634191581,0.017254001102799486,0.010364560695554885,0.018388778064783742,0.01971461718149917,0.017086013261873555,0.016217170026251983,0.01722314616080253,0.018028648846153735,0.01668722692223712,0.016864527779624362,0.0,0.020370778111306553,0.02072912139110977,0.0,0.016288225029985996,0.0,0.017934284592823466,0.0,0.01751269063945755,0.0,0.020370778111306553,0.0,0.0,0.0
0.008662017031494756,0.008662017031494756,0.007117094934313475,0.01590754110434412,0.008729466155380608,0.014244590897494566,0.007915809624049858,0.01649055844572232,0.009092926213860575,0.01505297213831941,0.0,0.01818585242772115,0.015720359536931586,0.006779205466916911,0.014625162855122453,0.013855534222210962,0.01671597383876088,0.015801093837347003,0.015565481149657466,0.014527383779881,0.017113691122676696,0.015424032095292315,0.0,0.016073525930037313,0.013864282232852253,0.008734030703474366,0.01587164988043126,0.016556581381393445,0.01486034568869106,0.015148328560795683,0.015601640045751979,0.016515627375148622,0.01593343476574788,0.015450617080130357,0.0,0.016016992177179903,0.01632559795275053,0.008400176206248859,0.01522615051698744,0.016337237053169463,0.016218663801483506,0.016007579431629452,0.015432482371647663,0.015511602269930001,0.01528605136510516,0.014822346986797321,0.0,0.017247309441425843,0.015388139701872578,0.009257829915345923,0.016197841245243146,0.017305692840810204,0.015511815517277872,0.015107904681933512,0.01510308052365912,0.01608570651216163,0.015482814206518633,0.015144521638320734,0.0,0.017967334207106275,0.018515659830691845,0.0,0.01563812185287952,0.0,0.016076857980844805,0.0,0.015331325740290572,0.0,0.017967334207106275,0.0,0.0,0.0
0.004024002393081531,0.004024002393081531,0.004705580224427681,0.007777066752749878,0.004228186698370315,0.008874331207219924,0.004355278733363062,0.008153783441963753,0.004807517261770598,0.008108371819875868,0.0,0.009615034523541196,0.006779205466916911,0.0049863170111549785,0.00917229808200814,0.009000898433893222,0.008237885728518414,0.007267734240882762,0.008494549707752234,0.008144390960066372,0.009022003084346922,0.00805121619435355,0.0,0.008438270939099088,0.008771282092086299,0.0037617787146388324,0.007187296899646801,0.007523317023089141,0.008326842656785518,0.008236500166545207,0.008289380578972006,0.008428314104722546,0.008507692876673913,0.00826470728693122,0.0,0.008305251454361407,0.007445553010083446,0.004695327955581067,0.00819261471653521,0.008956598576792792,0.008284357190356159,0.008476779139417153,0.008228388094703826,0.008033208402856496,0.008184973999954909,0.007963390330666703,0.0,0.009059999136778966,0.008414410034555165,0.004801649881463507,0.008459258590774402,0.00920584459772572,0.008183417857642565,0.007930275148214769,0.007880536103903622,0.008504705050782182,0.008244729319762749,0.007986556361051418,0.0,0.009926164862366896,0.009603299762927014,0.0,0.007843402826375136,0.0,0.008409061495287274,0.0,0.008135574642118146,0.0,0.009926164862366896,0.0,0.0,0.0
0.007738380467076128,0.007738380467076128,0.00902067670747744,0.013729900582924892,0.007243067112910124,0.01640725933286488,0.008211163944370627,0.01443772266611245,0.009024319078660916,0.015208363765798203,0.0,0.01804863815732183,0.014625162855122453,0.00917229808200814,0.016465533558908427,0.017536102973316207,0.014439730834840996,0.012858735968557392,0.015860435408308733,0.01522978104317528,0.01704825974450271,0.015100719425667014,0.0,0.0163884044976989,0.016698856133867915,0.008385164882040788,0.012802354862641602,0.016004567804819424,0.01568652535483147,0.015523261775980436,0.0154477293552879,0.01631144522488837,0.01630133667395825,0.01562295771231453,0.0,0.015523765095113759,0.015720500768564648,0.00879117190540299,0.015815038493290322,0.016667746469671212,0.01601702361565815,0.01594803012809091,0.01586864258157381,0.014869798488571022,0.015369041113305516,0.015120541097338697,0.0,0.01655762710962986,0.016029836885229267,0.008990264594868612,0.015923473229794153,0.017113351123572155,0.01518385109033259,0.015076621685647808,0.014730515904403378,0.015734769216490904,0.0150345701578057,0.0157264575841737,0.0,0.018264101996599075,0.017980529189737224,0.0,0.015020950798677513,0.0,0.015726031120580963,0.0,0.01641330373977054,0.0,0.018264101996599075,0.0,0.0,0.0
0.007967807012902584,0.007967807012902584,0.0090268038263126,0.015415016097044081,0.008130581875620184,0.017177291548276557,0.008118679097921631,0.015712875753548287,0.00911566281357823,0.015303475769806816,0.0,0.01823132562715646,0.013855534222210962,0.009000898433893222,0.017536102973316207,0.016529113864951046,0.015785034581263107,0.013012133397777481,0.015933720982445818,0.015646784276196108,0.017112856599238408,0.015222190102188012,0.0,0.0162246332430778,0.016017701697708317,0.007658252012201501,0.01293002871474989,0.014988242349951306,0.015969181960177128,0.015699051086626295,0.01561754877639183,0.015993842918483683,0.016278743924221396,0.01573120348467681,0.0,0.015366200181267997,0.01488589795732187,0.008846794762949908,0.015691057705878027,0.016814629112032697,0.01588987752692831,0.016096236450884652,0.01571942091870439,0.01505359814402219,0.015315448811485406,0.015451877298607001,0.0,0.016882443593572848,0.015893633057208017,0.009194688316050904,0.0161157802118664,0.01765985512534871,0.015436262592359643,0.01495322142158967,0.015234683900867647,0.016211458822071347,0.015548063230737822,0.015285803268986525,0.0,0.018830987350865643,0.018389376632101807,0.0,0.014864914953327433,0.0,0.0161360788701633,0.0,0.015657083330743397,0.0,0.018830987350865643,0.0,0.0,0.0
0.009083810189604153,0.009083810189604153,0.007271767794744692,0.0172568679356683,0.00908468585872485,0.013513074569409896,0.006995525193813114,0.01653016623145586,0.009504764597558732,0.014203526816160873,0.0,0.019009529195117465,0.01671597383876088,0.008237885728518414,0.014439730834840996,0.015785034581263107,0.016827835172821864,0.016932822063858807,0.014369293081372015,0.012636402647398806,0.01784235998911012,0.015828285202802175,0.0,0.01583544732993708,0.015643082643886422,0.008928701818944198,0.016603433572627054,0.017046931066496386,0.013180692397033116,0.015024797817439862,0.016041540110005324,0.01716854483912919,0.016146871156506253,0.015160042304963034,0.0,0.016584614585334615,0.016636939555572623,0.00850074027708916,0.014967606152066932,0.01642203639406307,0.017109632665635918,0.016145960894456562,0.015272663304887017,0.01500733157493696,0.01564846648877598,0.015785722755207936,0.0,0.01666835874998924,0.015282689130473934,0.00945055058134863,0.01639349318058432,0.01775822061581459,0.01513946816601017,0.01499453299045889,0.015759123420961602,0.016519265498600742,0.015213001924102774,0.015330287204438716,0.0,0.018308750285961732,0.01890110116269726,0.0,0.015519699162877211,0.0,0.01626914148000593,0.0,0.016017567613318358,0.0,0.018308750285961732,0.0,0.0,0.0
0.00858874499877981,0.00858874499877981,0.006918495324689891,0.01615738918026404,0.008835019058053933,0.013356957169598276,0.0075944268073273955,0.016506397460248907,0.008541100341261902,0.0147498277868582,0.0,0.017082200682523804,0.015801093837347003,0.007267734240882762,0.012858735968557392,0.013012133397777481,0.016932822063858807,0.016295807139661216,0.014629617854607719,0.012189685100210115,0.015936080913056584,0.014546776958212689,0.0,0.01541341472014988,0.01415853701542086,0.008554426562977904,0.016083464887401543,0.016284731936676945,0.012360948115085268,0.013482805998966264,0.014632310495989547,0.015596933238064574,0.015457432167760674,0.014542336399450915,0.0,0.015658908523317135,0.015914648554205088,0.007848617144383329,0.013438671764347784,0.015208796985645335,0.015292566895725052,0.015449791118476679,0.014469806927919023,0.014532995554804928,0.01468457448048008,0.014641329886799346,0.0,0.016080043307755067,0.014532242690230587,0.008648148359446937,0.015558512355963615,0.016261272979071775,0.014432941037040861,0.014307810012113458,0.014659588478311232,0.015518365956768672,0.014548837852841976,0.0145301888714106,0.0,0.017149595530585735,0.017296296718893874,0.0,0.014481190368455507,0.0,0.015196969394845779,0.0,0.014931700223589965,0.0,0.017149595530585735,0.0,0.0,0.0
0.008626278007763654,0.008626278007763654,0.008238529197395232,0.01641434674539037,0.0074157676852121095,0.015794656885118222,0.008913288936860931,0.01330663539947516,0.007782756653661546,0.015560055126237593,0.0,0.015565513307323092,0.015565481149657466,0.008494549707752234,0.015860435408308733,0.015933720982445818,0.014369293081372015,0.014629617854607719,0.016308865960295703,0.015050535766632534,0.015072311981207327,0.01264966720542642,0.0,0.01652789209553691,0.015936786787722035,0.007949477367666498,0.014609595991316913,0.01536417380738966,0.015205940354420881,0.015256699403464326,0.01303014483677931,0.015598800218504811,0.016203399489474454,0.01562615607484345,0.0,0.015329171482824314,0.015233949170216232,0.008586387867180287,0.015476514828963438,0.01658175764111413,0.01528178501665726,0.015013044166641084,0.015724649358880675,0.015538054643815937,0.014905162876937586,0.014300158231731063,0.0,0.01674618462426431,0.015449996577327265,0.008836846325771364,0.015269740682082642,0.016943644965309923,0.015447503569724548,0.014967057736299666,0.014116228313192564,0.015422047819790216,0.015198550279321349,0.01506644386619077,0.0,0.017387024669640424,0.017673692651542727,0.0,0.015158863912427973,0.0,0.015359255407495111,0.0,0.015493992719148884,0.0,0.017387024669640424,0.0,0.0,0.0
0.008106585635954705,0.008106585635954705,0.007773354906644266,0.015249120288297204,0.007043217424669581,0.01489037713871389,0.007775600619662738,0.013520845251892837,0.008005242556652428,0.014467159564703317,0.0,0.016010485113304856,0.014527383779881,0.008144390960066372,0.01522978104317528,0.015646784276196108,0.012636402647398806,0.012189685100210115,0.015050535766632534,0.015677529444812082,0.015263128621273271,0.012377042866493248,0.0,0.015439580112924262,0.015368948287281902,0.00749213535710754,0.01284570325864728,0.014389054711465555,0.0158855007762894,0.014146845207428134,0.012514725959308248,0.013425540008225064,0.015292424981871977,0.014783609826830206,0.0,0.014177535055503294,0.014112186909970332,0.008036062084714309,0.014206940512153642,0.015388098984573629,0.013035110103468263,0.014434432142731771,0.0145592069856433,0.014489850053587796,0.01418655073730691,0.013627390306902444,0.0,0.015527457428485167,0.014664965125093606,0.008342585682723731,0.014515791636031493,0.01589867896396679,0.014384682544609362,0.013728920144164027,0.013052739651170554,0.0142288930398578,0.013948000776905905,0.014315916091726544,0.0,0.016581201935497995,0.016685171365447463,0.0,0.013790052956970686,0.0,0.014149887558980586,0.0,0.014753353589750832,0.0,0.016581201935497995,0.0,0.0,0.0
0.009305637188733968,0.009305637188733968,0.008691665807280593,0.017320357833472955,0.009336627724276379,0.016469821659706875,0.0074054544138430585,0.017890733881981563,0.009035211259525184,0.013849524610368157,0.0,0.018070422519050368,0.017113691122676696,0.009022003084346922,0.01704825974450271,0.017112856599238408,0.01784235998911012,0.015936080913056584,0.015072311981207327,0.015263128621273271,0.016534751609899673,0.01670687352445982,0.0,0.012636449975637861,0.016772295787714903,0.00889447503614557,0.016165312577648288,0.017035883691000994,0.015598077093055383,0.015840734449096373,0.01707978181636667,0.017565330315223428,0.014073499576829967,0.015359882571141603,0.0,0.017871535893132333,0.016681754466878147,0.008882405851646907,0.015827921003983156,0.017037852089990237,0.01735209164649754,0.01724132376949435,0.01557479558214943,0.015590199018310913,0.016953701861265564,0.01598454799415539,0.0,0.01712657688983979,0.016210648429728275,0.009810281349788908,0.01735008396352465,0.01869279853504307,0.015905169393670236,0.015013523789892198,0.01610273845712529,0.016999160954215237,0.015607849034865378,0.016092127474534434,0.0,0.019167816373245352,0.019620562699577817,0.0,0.015012377997816144,0.0,0.016964883634368745,0.0,0.016606323403983783,0.0,0.019167816373245352,0.0,0.0,0.0
0.008435590075269889,0.008435590075269889,0.007787369280574225,0.015703352620646087,0.008205134515853016,0.014744038207569409,0.0067444510348860925,0.015790497299974397,0.008801151346642224,0.013352208025113815,0.0,0.017602302693284447,0.015424032095292315,0.00805121619435355,0.015100719425667014,0.015222190102188012,0.015828285202802175,0.014546776958212689,0.01264966720542642,0.012377042866493248,0.01670687352445982,0.015647783367379285,0.0,0.012340276505914485,0.014961261141143576,0.008337682093619883,0.014426043188352305,0.01586273121578256,0.012943410067923279,0.014038953957571838,0.01620937856289805,0.016491368515788866,0.01304985033858191,0.012784177232765198,0.0,0.015425424803649264,0.015438000167927174,0.007976942218714894,0.013949320031920374,0.015235146535855794,0.015958900327089087,0.015481577404253464,0.012861976016254422,0.013889095243991546,0.014706444572064119,0.014537408077898965,0.0,0.01573064147796045,0.014542038065110051,0.00868107712844502,0.015358458881864488,0.016273133456321396,0.014255194037813185,0.014021615619123812,0.01465532878737925,0.015384815021745471,0.014368006784585503,0.014019262640114046,0.0,0.017232227336183122,0.01736215425689004,0.0,0.014274538600081767,0.0,0.015380462667396804,0.0,0.014254449934469405,0.0,0.017232227336183122,0.0,0.0,0.0
0.0,0.0,0.0,0.0,0.0,0.0,0.0,0.0,0.0,0.0,0.0,0.0,0.0,0.0,0.0,0.0,0.0,0.0,0.0,0.0,0.0,0.0,0.0,0.0,0.0,0.0,0.0,0.0,0.0,0.0,0.0,0.0,0.0,0.0,0.0,0.0,0.0,0.0,0.0,0.0,0.0,0.0,0.0,0.0,0.0,0.0,0.0,0.0,0.0,0.0,0.0,0.0,0.0,0.0,0.0,0.0,0.0,0.0,0.0,0.0,0.0,0.0,0.0,0.0,0.0,0.0,0.0,0.0,0.0,0.0,0.0,0.0
0.008726011593381749,0.008726011593381749,0.008567214466579647,0.016642714742355,0.008236201035717275,0.01610495429845411,0.00832621982616718,0.015487066504761048,0.007349141241512408,0.015925653727387936,0.0,0.014698282483024816,0.016073525930037313,0.008438270939099088,0.0163884044976989,0.0162246332430778,0.01583544732993708,0.01541341472014988,0.01652789209553691,0.015439580112924262,0.012636449975637861,0.012340276505914485,0.0,0.01964665607958545,0.016066860875785304,0.008283402771575686,0.01532378301310036,0.015703543043734232,0.01545961629451383,0.015843238331227666,0.01338051044639107,0.015234851823073521,0.01801999089919861,0.01647838443887541,0.0,0.012190247093985468,0.015891211315054162,0.008718232891961296,0.0159266212903608,0.016716092449333874,0.01550372344129163,0.015106159790177045,0.0162366655114495,0.015956093371861706,0.013048732771525927,0.014155142274286084,0.0,0.017114422758207005,0.015824337741798138,0.009190811884828806,0.015172732686688914,0.017243636806109977,0.01586013021299125,0.015485992560909986,0.013948003394029872,0.016103848900028205,0.015519616034173825,0.015439201821832928,0.0,0.01783469112770846,0.01838162376965761,0.0,0.01599083195680159,0.0,0.015908360430703063,0.0,0.016140594409091276,0.0,0.01783469112770846,0.0,0.0,0.0
0.007930874408089433,0.007930874408089433,0.00863853213362907,0.01527072200307012,0.008073543782684326,0.016450695229605176,0.008199763875427236,0.01545741987470478,0.008983749204812954,0.015183903783066104,0.0,0.017967498409625908,0.013864282232852253,0.008771282092086299,0.016698856133867915,0.016017701697708317,0.015643082643886422,0.01415853701542086,0.015936786787722035,0.015368948287281902,0.016772295787714903,0.014961261141143576,0.0,0.016066860875785304,0.015840145044143425,0.00660785459693517,0.014127700102671314,0.013527185127503321,0.015627971952583444,0.015470020431570655,0.015451736038861812,0.015761371040671174,0.016103754471886632,0.015536180749824892,0.0,0.01554765091404144,0.013728644746247052,0.008863778407471923,0.01535883020827224,0.01690077630240582,0.01552092397082375,0.015915198030588107,0.015469446220748716,0.015264125764469278,0.015332683395870806,0.015109847840073541,0.0,0.016615272574600586,0.01583256271120376,0.00908497290437717,0.01593940809669693,0.017453666177806446,0.015546687555533968,0.01475439545418659,0.01476811324160509,0.015774249956691085,0.015149925677203942,0.014658089301071809,0.0,0.018798689184927376,0.01816994580875434,0.0,0.014642305273090411,0.0,0.015500419423364978,0.0,0.01524369512369304,0.0,0.018798689184927376,0.0,0.0,0.0
0.004655270363170696,0.004655270363170696,0.004204902748068266,0.008773866711644707,0.004668902533260522,0.008043578116416329,0.004133408340153513,0.008775809790768491,0.004752918474306329,0.007869101046188659,0.0,0.009505836948612657,0.008734030703474366,0.0037617787146388324,0.008385164882040788,0.007658252012201501,0.008928701818944198,0.008554426562977904,0.007949477367666498,0.00749213535710754,0.00889447503614557,0.008337682093619883,0.0,0.008283402771575686,0.00660785459693517,0.004973135148708589,0.008499977409475645,0.00900588416508673,0.0077019423518745675,0.007265014937644951,0.008468999196761065,0.00875017894463629,0.008146435505246713,0.00783478253570181,0.0,0.0084731977144376,0.008735998097886492,0.0037092811805911514,0.007206406401898445,0.0076084054034520525,0.00868795643743142,0.008526632473968522,0.007803568771309491,0.007792533115568759,0.008200953393579092,0.007935087621542464,0.0,0.00870079619261587,0.007160056259594883,0.004927616375116263,0.008689828267090846,0.009182855355674969,0.007791410052555378,0.007726269832496947,0.007920858097409621,0.008592979863254269,0.008067273894619488,0.008327133847597952,0.0,0.008980739466666235,0.009855232750232526,0.0,0.007944577498593822,0.0,0.008647391614710976,0.0,0.008526146228921495,0.0,0.008980739466666235,0.0,0.0,0.0
0.008515821505972989,0.008515821505972989,0.006814285175148236,0.016218789841242507,0.008687435245981118,0.013187677107161391,0.007479419307093097,0.016272700792404046,0.008653900854527987,0.014293726947965888,0.0,0.017307801709055975,0.01587164988043126,0.007187296899646801,0.012802354862641602,0.01293002871474989,0.016603433572627054,0.016083464887401543,0.014609595991316913,0.01284570325864728,0.016165312577648288,0.014426043188352305,0.0,0.01532378301310036,0.014127700102671314,0.008499977409475645,0.016076347374154656,0.016313728874018232,0.013175315931505789,0.012542875402886566,0.014654303492868049,0.015566289440219613,0.015262953016159011,0.01448767849873913,0.0,0.01570515091224907,0.015863484485257366,0.007847022147009478,0.012602693314838636,0.01510898580796259,0.015353311154807708,0.015503709604515638,0.014471418078202274,0.014566210778704429,0.014883539631928898,0.014506825593453572,0.0,0.01561583764767501,0.014462375013430617,0.008809439915406772,0.01564749182457176,0.01647626689323382,0.014495513374516907,0.014244553160049422,0.014522431824684554,0.015417426688801566,0.01425205553977078,0.014619329789027528,0.0,0.017084621401390266,0.017618879830813543,0.0,0.014286245471815479,0.0,0.015038981118922557,0.0,0.01502597331248123,0.0,0.017084621401390266,0.0,0.0,0.0
0.00888655574940645,0.00888655574940645,0.008064278161015135,0.016768861334957922,0.008914492179427948,0.015559296037074328,0.007925878686637551,0.016786665488232665,0.009077051849969176,0.01509226612042293,0.0,0.01815410369993835,0.016556581381393445,0.007523317023089141,0.016004567804819424,0.014988242349951306,0.017046931066496386,0.016284731936676945,0.01536417380738966,0.014389054711465555,0.017035883691000994,0.01586273121578256,0.0,0.015703543043734232,0.013527185127503321,0.00900588416508673,0.016313728874018232,0.016554526910670816,0.014695332397718251,0.013242300058943111,0.01607727563610166,0.017125955559774895,0.015411942894988288,0.014823349289833839,0.0,0.016325937940129587,0.016213840009719722,0.0074001780562041874,0.012926032192085194,0.014867059525874492,0.017000508837386952,0.016578324495687382,0.01498121552751535,0.014620462878906388,0.0158684681311109,0.015157637658881357,0.0,0.01646887933038068,0.014102364577214234,0.00951899217991129,0.01686225363229229,0.01775807238732544,0.014832380117499532,0.014649895765656286,0.015170565269793374,0.016417877410611494,0.01530464629515564,0.015782144930580923,0.0,0.017556927423955954,0.01903798435982258,0.0,0.014929007452819939,0.0,0.016485874026093982,0.0,0.01623347210431755,0.0,0.017556927423955954,0.0,0.0,0.0
0.008261228951577305,0.008261228951577305,0.00804776221366319,0.015452902485278341,0.00709942470789841,0.015321627401376891,0.007708795856251186,0.013745486999058415,0.0082310080761347,0.014475301186311922,0.0,0.0164620161522694,0.01486034568869106,0.008326842656785518,0.01568652535483147,0.015969181960177128,0.013180692397033116,0.012360948115085268,0.015205940354420881,0.0158855007762894,0.015598077093055383,0.012943410067923279,0.0,0.01545961629451383,0.015627971952583444,0.0077019423518745675,0.013175315931505789,0.014695332397718251,0.015371219159124767,0.014320901781060524,0.013280248020980264,0.012979482489551324,0.015298468005402745,0.014881297803028793,0.0,0.014301400246301046,0.01440985303139621,0.008215343278677938,0.014479884174418301,0.015736789877721733,0.012807729025564185,0.014679304724635956,0.014843450299767906,0.014638825278025274,0.014109093013038266,0.013914934190981759,0.0,0.015846069095854027,0.014869491893770874,0.008457154565593246,0.01467515202676621,0.01607779240259227,0.014574897693098098,0.013899884052669885,0.013572410988251264,0.01452109628174548,0.014313788892366886,0.014346610698135335,0.0,0.016888269815636403,0.01691430913118649,0.0,0.013924004876154647,0.0,0.014348038284736435,0.0,0.01475482315992464,0.0,0.016888269815636403,0.0,0.0,0.0
0.00834939532183164,0.00834939532183164,0.008009506303082725,0.015416835079885458,0.00778314953869409,0.015064456338828807,0.007919979268101696,0.014703017951212835,0.008459428538212233,0.014902050802215504,0.0,0.016918857076424466,0.015148328560795683,0.008236500166545207,0.015523261775980436,0.015699051086626295,0.015024797817439862,0.013482805998966264,0.015256699403464326,0.014146845207428134,0.015840734449096373,0.014038953957571838,0.0,0.015843238331227666,0.015470020431570655,0.007265014937644951,0.012542875402886566,0.013242300058943111,0.014320901781060524,0.015492606013324844,0.014389218740487488,0.013386458483373165,0.01571827272348145,0.015247940482861861,0.0,0.014655325375309383,0.013913594891769751,0.008438523856012195,0.01583931057135813,0.016047016098719658,0.013072130930368844,0.013718730675872906,0.015132222652876923,0.015126803298046864,0.014196504678071549,0.013897466854016799,0.0,0.015805618803405776,0.015148417027988293,0.008505469375697619,0.013637164962954106,0.01618639400654434,0.01503793835467467,0.014157116457620885,0.013795143406219445,0.015237294002310648,0.014281907200627228,0.014112272376309971,0.0,0.017138836307375036,0.017010938751395237,0.0,0.014499060185909527,0.0,0.014941684155159335,0.0,0.014532351596499885,0.0,0.017138836307375036,0.0,0.0,0.0
0.00854151360974591,0.00854151360974591,0.007949611288104789,0.015938972397369543,0.008261936877034118,0.015150502591428368,0.006642776275599286,0.016037139488833337,0.008956133777095083,0.013363196343003049,0.0,0.017912267554190165,0.015601640045751979,0.008289380578972006,0.0154477293552879,0.01561754877639183,0.016041540110005324,0.014632310495989547,0.01303014483677931,0.012514725959308248,0.01707978181636667,0.01620937856289805,0.0,0.01338051044639107,0.015451736038861812,0.008468999196761065,0.014654303492868049,0.01607727563610166,0.013280248020980264,0.014389218740487488,0.01613806505484384,0.01664363292829139,0.013839734600973489,0.012502344054643733,0.0,0.015585255661021511,0.01598690720934514,0.008065953753958454,0.014223850666847547,0.01542012561645987,0.01632412811502875,0.015924601040271918,0.012600052068591392,0.014092177225180448,0.0148362322500943,0.014683257670066993,0.0,0.015994070308351874,0.014799790653260522,0.008807446458043962,0.01604895622461441,0.016583621216407024,0.014266300422070659,0.014141950872402572,0.014855475068605272,0.015666235479316955,0.014494546567175448,0.01420071959598191,0.0,0.017619248559231474,0.017614892916087924,0.0,0.01449452466017814,0.0,0.01566989593340866,0.0,0.014547940344145858,0.0,0.017619248559231474,0.0,0.0,0.0
0.008975402764526998,0.008975402764526998,0.008287827508369186,0.016849198483873208,0.008917269916867884,0.01567299573404935,0.007927853498022585,0.01689414742512104,0.009269593709367942,0.014974251962024123,0.0,0.018539187418735885,0.016515627375148622,0.008428314104722546,0.01631144522488837,0.015993842918483683,0.01716854483912919,0.015596933238064574,0.015598800218504811,0.013425540008225064,0.017565330315223428,0.016491368515788866,0.0,0.015234851823073521,0.015761371040671174,0.00875017894463629,0.015566289440219613,0.017125955559774895,0.012979482489551324,0.013386458483373165,0.01664363292829139,0.01655790386546681,0.015327678159844541,0.01299199427307134,0.0,0.016505385144669555,0.016476438671725473,0.008369140233669477,0.013947008708149217,0.016033942395146387,0.01692063798439587,0.016830992342411727,0.012730041217330726,0.01369724663779349,0.015986047396749997,0.015518724144719763,0.0,0.01647187701123427,0.015504474930622049,0.009311058241712265,0.01699046728603601,0.01761723621063107,0.013894973264753125,0.014798465408880957,0.015555351873139677,0.01651646664293051,0.01499393613472061,0.01562393630742824,0.0,0.018217132112114644,0.01862211648342453,0.0,0.015028134298110642,0.0,0.016443156684170273,0.0,0.01603187032403292,0.0,0.018217132112114644,0.0,0.0,0.0
