x1,x2,x3,x4,x5,x6,x7,x8,x9,x10,x11,x12,x13,x14,x15,x16,x17,x18,x19,x20,x21,x22,x23,x24,x25,x26,x27,x28,x29,x30,x31,x32,x33,x34,x35,x36,x37,x38,x39,x40,x41,x42,x43,x44,x45,x46,x47,x48,x49,x50,x51,x52,x53,x54,x55,x56,x57,x58,x59,x60,x61,x62,x63,x64,x65,x66,x67,x68,x69,x70,x71,x72,x73,x74,x75,x76,x77,x78,x79,x80,x81,x82,x83,x84,x85,x86,x87,x88,x89,x90,x91,x92,x93,x94,x95,x96,x97,x98,x99,x100,x101,x102,x103,x104,x105,x106,x107,x108,x109,x110,x111,x112,x113,x114,x115,x116,x117,x118,x119,x120,x121,x122,x123,x124,x125,x126,x127,x128
0.5098823599998275,-0.5098823599998275,0.18224941999991545,0.8375153000000358,0.07648929000002042,0.28800954999997186,0.03662705999999236,0.11635152000002441,0.019327000000000195,0.05392712000000049,0.010488870000001073,0.028165130000005395,0.006892850000000253,0.01408489000000272,0.0,0.013785700000000506,-0.8376181599999164,-0.18214655999997698,-0.26619160000027736,0.26598588000017986,-0.1058832199999844,0.14951911999996284,-0.04990443999999604,0.07084103999995907,-0.02662384999999808,0.03466921000002305,-0.014487229999997969,0.017569790000001192,-0.009795929999993533,0.008991250000000707,0.0,0.007979540000000044,-0.2877094800000496,-0.07658363999997847,-0.1493221800000127,0.10587498000003666,-0.06778295000002513,0.06817683000002871,-0.032512329999980015,0.038628510000001635,-0.01621274000001019,0.02052650000000028,-0.00867609000000066,0.011390189999995857,-0.005701110000001046,0.006331429999996081,0.0,0.004556859999999377,-0.11651906999997337,-0.036648209999999314,-0.07127167999998682,0.0499834999999882,-0.03876040999998871,0.032570710000011875,-0.019927119999997408,0.01966332000000405,-0.010980319999998388,0.012179080000001952,-0.005874309999999299,0.006694049999998639,-0.002668869999999502,0.0035831100000008197,0.0,0.0037759800000011384,-0.054184590000001254,-0.019111830000006963,-0.034555759999974955,0.02615358000001238,-0.020446539999997994,0.01647643999999553,-0.012199610000000426,0.0106331699999987,-0.0065970900000006044,0.006556030000002108,-0.0037372099999996855,0.0039311300000009946,-0.0026276999999997165,0.0023194999999999596,0.0,0.0022965599999987133,-0.027944089999999686,-0.010279570000000356,-0.017501059999995773,0.01392003999999771,-0.011283059999998164,0.009233820000006106,-0.007061480000001496,0.005761700000001926,-0.004070940000000471,0.003060039999999111,-0.002393699999998864,0.002114080000000415,-0.0015730499999998223,0.0014246499999998816,0.0,0.0014470200000001152,-0.013966500000005684,-0.006592640000000116,-0.009532920000002396,0.00943999999999992,-0.005580380000002753,0.004982179999998624,-0.0029120100000009715,0.0032746500000014407,-0.0026016899999997487,0.00289774999999872,-0.0018271799999996989,0.000851960000000235,-0.00123166999999992,0.00042660999999999107,0.0,0.0004307000000001917,-0.013185280000000231,0.0,-0.007490560000000679,0.0,-0.005016759999999939,0.0,-0.0034842199999999177,0.0,-0.0011729400000000838,0.0,-0.0006419599999998826,0.0,-0.0004307000000001917,0.0,0.0,0.0
-0.5098823599998275,0.5098823599998275,-0.18224941999991545,-0.8375153000000358,-0.07648929000002042,-0.28800954999997186,-0.03662705999999236,-0.11635152000002441,-0.019327000000000195,-0.05392712000000049,-0.010488870000001073,-0.028165130000005395,-0.006892850000000253,-0.01408489000000272,0.0,-0.013785700000000506,0.8376181599999164,0.18214655999997698,0.26619160000027736,-0.26598588000017986,0.1058832199999844,-0.14951911999996284,0.04990443999999604,-0.07084103999995907,0.02662384999999808,-0.03466921000002305,0.014487229999997969,-0.017569790000001192,0.009795929999993533,-0.008991250000000707,0.0,-0.007979540000000044,0.2877094800000496,0.07658363999997847,0.1493221800000127,-0.10587498000003666,0.06778295000002513,-0.06817683000002871,0.032512329999980015,-0.038628510000001635,0.01621274000001019,-0.02052650000000028,0.00867609000000066,-0.011390189999995857,0.005701110000001046,-0.006331429999996081,0.0,-0.004556859999999377,0.11651906999997337,0.036648209999999314,0.07127167999998682,-0.0499834999999882,0.03876040999998871,-0.032570710000011875,0.019927119999997408,-0.01966332000000405,0.010980319999998388,-0.012179080000001952,0.005874309999999299,-0.006694049999998639,0.002668869999999502,-0.0035831100000008197,0.0,-0.0037759800000011384,0.054184590000001254,0.019111830000006963,0.034555759999974955,-0.02615358000001238,0.020446539999997994,-0.01647643999999553,0.012199610000000426,-0.0106331699999987,0.0065970900000006044,-0.006556030000002108,0.0037372099999996855,-0.0039311300000009946,0.0026276999999997165,-0.0023194999999999596,0.0,-0.0022965599999987133,0.027944089999999686,0.010279570000000356,0.017501059999995773,-0.01392003999999771,0.011283059999998164,-0.009233820000006106,0.007061480000001496,-0.005761700000001926,0.004070940000000471,-0.003060039999999111,0.002393699999998864,-0.002114080000000415,0.0015730499999998223,-0.0014246499999998816,0.0,-0.0014470200000001152,0.013966500000005684,0.006592640000000116,0.009532920000002396,-0.00943999999999992,0.005580380000002753,-0.004982179999998624,0.0029120100000009715,-0.0032746500000014407,0.0026016899999997487,-0.00289774999999872,0.0018271799999996989,-0.000851960000000235,0.00123166999999992,-0.00042660999999999107,0.0,-0.0004307000000001917,0.013185280000000231,0.0,0.007490560000000679,0.0,0.005016759999999939,0.0,0.0034842199999999177,0.0,0.0011729400000000838,0.0,0.0006419599999998826,0.0,0.0004307000000001917,0.0,0.0,0.0
0.18224941999991545,-0.18224941999991545,0.43597675999989116,-0.07147792000002733,0.15929382999998618,0.7126596899998692,0.06714967000002782,0.2514379899999371,0.032290740000018386,0.10200859999995622,0.016421929999994932,0.04815954999999739,0.010227570000001919,0.022616289999992,0.0,0.020455140000003837,-0.24455863000007738,-0.11994020999998369,-0.7396553999999077,0.10758229999999921,-0.23932208000002245,0.1853306599999863,-0.09471504000000028,0.11894686000000619,-0.04494305999999261,0.059530179999993445,-0.022580589999997232,0.02901357000001222,-0.014694249999998885,0.014765649999999814,0.0,0.011521780000001243,-0.17478167000001643,-0.06509875000004771,-0.21122876000001195,0.07683002000000945,-0.12168408000001188,0.06988788000003858,-0.0578221099999994,0.05234767000000617,-0.02755520999999563,0.03097135000000195,-0.014452689999998289,0.017369410000003336,-0.008377970000000378,0.009003889999997697,0.0,0.006287619999998288,-0.09402985999998292,-0.03616763999998219,-0.08119467999999432,0.04679499999997279,-0.055846250000003816,0.03323265000000473,-0.03165851999999963,0.02466136000000389,-0.017021770000001185,0.01564743000001726,-0.008689939999998226,0.009385220000003728,-0.004246159999997997,0.004874059999999701,0.0,0.004082920000000812,-0.05150461000002136,-0.020830670000001297,-0.03736028000000431,0.027941059999993887,-0.026560999999998388,0.018305739999995792,-0.016339099999998562,0.012539819999996076,-0.00935387999999899,0.007970540000000248,-0.005001190000000641,0.0050638699999989815,-0.0029534199999995134,0.0026991599999993117,0.0,0.002258999999999437,-0.029825510000002095,-0.011835830000006561,-0.01997667999999621,0.016207779999990013,-0.013627620000000095,0.010285739999998812,-0.008704519999997194,0.0065289199999997,-0.005274189999998682,0.003806230000000804,-0.002576759999999895,0.002156119999999437,-0.0014396599999998928,0.0016844599999999567,0.0,0.0016386799999997407,-0.015951369999999902,-0.007720289999998853,-0.01090148000000046,0.011414300000002247,-0.006897800000001249,0.005666320000001116,-0.0036844200000014623,0.0029466600000006243,-0.0026151400000003788,0.0028587599999993075,-0.0017194299999994077,0.0008013900000002132,-0.0010537300000001391,0.0009837900000003053,0.0,0.0011699000000003296,-0.015440579999997706,0.0,-0.008052559999994545,0.0,-0.004772479999999827,0.0,-0.0036516400000003767,0.0,-0.0015857599999998893,0.0,-0.0015687399999997364,0.0,-0.0011699000000003296,0.0,0.0,0.0
0.8375153000000358,-0.8375153000000358,-0.07147792000002733,1.7465085200001593,-0.006315249999996513,-0.13664058999999318,0.006104450000001795,-0.018734949999996486,0.0063632600000005255,0.005845640000000008,0.004555809999998172,0.008170709999999094,0.0035581300000006146,0.005553489999997096,0.0,0.007116260000001229,-1.4306776899994569,-0.24435290999998618,0.20727219999999294,0.424389459999905,0.02755563999999969,0.11370757999999091,-0.005093839999999033,0.022735220000005465,-0.008304639999996137,0.009808240000002053,-0.0063938699999987175,0.006126010000001744,-0.004897610000001372,0.0032168500000005823,0.0,0.004437299999999739,-0.40063729000019754,-0.08806853000001282,-0.08741559999996529,0.1349199399999898,-0.013881819999999594,0.06646578000001657,-0.0072025499999997175,0.024909349999988444,-0.004870269999998354,0.01008164999999642,-0.0028994900000004218,0.005410969999999144,-0.003024250000001668,0.0036589700000007534,0.0,0.0028260999999997296,-0.13900827999996296,-0.037128779999999056,-0.06134867999997556,0.05317200000000622,-0.021674569999991622,0.031908769999987534,-0.008195720000001287,0.014665279999994467,-0.004938869999998759,0.008710729999997058,-0.003058679999999896,0.004002880000000629,-0.0010915800000002415,0.0022921600000005847,0.0,0.0034690399999997056,-0.056864570000005984,-0.017392990000004396,-0.03175123999997893,0.024366099999990523,-0.014332080000003617,0.014647139999996103,-0.008060120000007907,0.00872651999999911,-0.003840300000000794,0.005141519999999567,-0.0024732299999992062,0.0027983899999992736,-0.0023019800000003503,0.0019398400000001947,0.0,0.0023341200000005762,-0.026062669999989498,-0.008723309999999289,-0.015025440000001725,0.011632299999998636,-0.00893849999999935,0.0081819000000018,-0.0054184400000009975,0.00499448000000006,-0.0028676899999995485,0.0023138499999992694,-0.0022106400000001768,0.0020720399999995215,-0.001706440000000223,0.0011648399999989367,0.0,0.001255360000000311,-0.011981630000002928,-0.005464990000000498,-0.00816435999999867,0.007465700000003095,-0.0042629600000002104,0.004298039999999698,-0.0021396000000004057,0.003602640000000751,-0.002588240000000499,0.0029367399999997005,-0.0019349300000004298,0.000902530000000046,-0.0014096100000000602,-0.0001305699999999861,0.0,-0.00030849999999997926,-0.010929980000000996,0.0,-0.006928560000000676,0.0,-0.005261039999998463,0.0,-0.0033167999999997593,0.0,-0.0007601200000007174,0.0,0.00028481999999999515,0.0,0.00030849999999997926,0.0,0.0,0.0
0.07648929000002042,-0.07648929000002042,0.15929382999998618,-0.006315249999996513,0.4504350899999144,-0.13184742999994223,0.16541184000000556,0.7354583399999033,0.0704252200000039,0.26039846000002853,0.03300704999998852,0.10784338999998264,0.019193400000003906,0.04682070000000937,0.0,0.03838680000000781,-0.08773354000000518,-0.06524503999996992,-0.21285179000004847,0.024754210000001192,-0.7640390599999555,0.07464061999999419,-0.24977334999995648,0.19261190999999356,-0.1003522900000182,0.12160250999998513,-0.045814959999997316,0.06079715999999438,-0.02769501999999715,0.02970650000000053,0.0,0.021383559999996558,-0.08714309999997151,-0.04334698000002509,-0.16092589999999105,0.03614811999999008,-0.2211396899999524,0.04856913000000203,-0.12517255000002625,0.06811699000002466,-0.059374580000015935,0.05223450000000179,-0.02898787000000219,0.03183302999999525,-0.015237679999999781,0.016674940000000874,0.0,0.012291759999997959,-0.05498142000001485,-0.03171253999999762,-0.07452928999999843,0.03686268999999586,-0.0816029800000257,0.02968265999998648,-0.05659809999999324,0.029626119999987682,-0.03249527999999087,0.023768079999999175,-0.016600789999987705,0.015276290000000078,-0.008860229999997473,0.009008529999997558,0.0,0.006863060000000811,-0.04126846000002367,-0.022156619999993094,-0.037757470000014136,0.02894593000000416,-0.034997340000002625,0.01884772000000508,-0.026036639999994747,0.015294200000001175,-0.01608206000000026,0.011544939999996997,-0.0093862099999971,0.007774669999999801,-0.00513485999999834,0.004379499999998652,0.0,0.003456399999999041,-0.030213900000003777,-0.014099339999999799,-0.02157962000000133,0.019043680000003498,-0.017631979999995256,0.01216818000000314,-0.012976880000000255,0.008301319999993782,-0.00808923000000261,0.0052253499999999386,-0.004087609999999015,0.0034584899999994816,-0.002317650000000476,0.002901430000000042,0.0,0.0022774999999995273,-0.018347310000007704,-0.009851369999998427,-0.012937659999999131,0.014330399999998375,-0.009006070000002222,0.007467109999999881,-0.005486530000001382,0.004077030000002111,-0.0039480600000007735,0.003425700000000229,-0.002746589999998879,0.0017674499999998912,-0.001476009999999453,0.001785689999999787,0.0,0.0016029800000003326,-0.019702739999996853,0.0,-0.010744680000001007,0.0,-0.00655514000000146,0.0,-0.004956220000000011,0.0,-0.003061039999999817,0.0,-0.0025871800000002373,0.0,-0.0016029800000003326,0.0,0.0,0.0
0.28800954999997186,-0.28800954999997186,0.7126596899998692,-0.13664058999999318,-0.13184742999994223,1.5571668100001437,-0.031112500000001323,-0.2325823599999645,-0.0058437399999989184,-0.05638125999999671,-0.00016318999999998408,-0.011524289999998848,0.0012617399999992535,-0.0015881199999998347,0.0,0.002523479999998507,-0.4013837200000045,-0.1746353799999124,-1.2664590099997688,0.1904103900000684,0.285394900000041,0.2960207000000798,0.06034326999999831,0.04528180999998118,0.0104661700000026,-0.002542150000000076,0.000653780000000132,-0.002770020000001434,-0.0016934799999996318,-0.0001752000000002516,0.0,0.0016599999999999217,-0.26242023999991926,-0.08685051999999371,-0.2615316199999528,0.11751192000001072,-0.022228469999993963,0.09120662999997269,0.009528330000001957,0.03657834999997699,0.004264160000001543,0.009708200000005437,8.248999999998576e-5,0.0029057899999994654,-0.0015182599999997793,0.001332839999999622,0.0,0.00028347999999991,-0.13307829999997053,-0.04062273999999628,-0.08786007000001134,0.05672730999998777,-0.030089520000008654,0.036782639999984705,-0.006718939999998747,0.019696600000007152,-0.0015482599999997635,0.007526779999999784,-0.0007790900000001467,0.003494149999999318,0.0003679099999997409,0.0007395899999997775,0.0,0.0013027800000005264,-0.06174076000000229,-0.019504719999997353,-0.0369630900000009,0.026936189999997296,-0.018124660000004768,0.01776376000000144,-0.006641560000000763,0.00978543999999779,-0.0026256999999997098,0.004396139999998076,-0.0006161699999998701,0.0023530700000011008,-0.000771979999999695,0.0010188200000001693,0.0,0.0010616000000004194,-0.02943711999999908,-0.009572319999996125,-0.01837373999999965,0.013371880000003467,-0.009623259999999325,0.008403299999999015,-0.0044321600000016515,0.004756520000001013,-0.0024591499999998276,0.0023871099999991634,-0.0010659099999997437,0.0008537499999993392,-0.0005616700000000012,0.00046748999999982803,0.0,0.0009998600000006546,-0.01355543000000112,-0.005589210000001828,-0.008865300000003282,0.008498200000006343,-0.004789529999999998,0.003865529999999209,-0.0018823099999999266,0.0018162899999990736,-0.001282219999999787,0.00229182000000048,-0.0006922700000001518,-0.0001646700000000165,-0.0006314499999999601,0.00018189000000023265,0.0,0.0007368200000000013,-0.011178420000003656,0.0,-0.005360439999996452,0.0,-0.0029898199999999174,0.0,-0.0023470600000005857,0.0,-0.00011047999999999749,0.0,-0.0005502999999999559,0.0,-0.0007368200000000013,0.0,0.0,0.0
0.03662705999999236,-0.03662705999999236,0.06714967000002782,0.006104450000001795,0.16541184000000556,-0.031112500000001323,0.44925148000001697,-0.11842780000001202,0.167319529999989,0.7311834299998771,0.06958311000000526,0.2650559500001793,0.038181670000013324,0.10098454999999056,0.0,0.07636334000002665,-0.03688949000001663,-0.03636463000000698,-0.07397659999999305,0.012406520000002592,-0.22105604999997563,0.01087785000000309,-0.7616782600000198,0.08271055999999921,-0.25411268999981035,0.19312303000001815,-0.09865849999998857,0.12054501999999882,-0.0551032799999795,0.05975538000000056,0.0,0.04252012000000334,-0.0412645100000043,-0.03146474999998642,-0.08046431000002066,0.02274833000001198,-0.16859500000000277,0.029422079999996853,-0.22182232999995197,0.050053449999991576,-0.12448197000002734,0.06708337000000328,-0.06004645999998758,0.05217256000001839,-0.03080312000000923,0.0302209600000077,0.0,0.023434000000009794,-0.04107242999999847,-0.021857069999998327,-0.05690420000001529,0.020256000000011955,-0.07688912000002884,0.0219248800000014,-0.08123773999998356,0.02756640000000062,-0.05682988999999731,0.028521149999982134,-0.03163259999998356,0.022317940000000046,-0.017293609999995303,0.014470330000004512,0.0,0.012280779999996713,-0.024346229999998033,-0.01936791000000097,-0.03182688000000255,0.023646420000004265,-0.03689710000001239,0.017093100000000486,-0.03415384999999106,0.015492450000000475,-0.024790829999996027,0.013525430000007912,-0.01570805999998665,0.010762280000002128,-0.009299209999999681,0.006823750000000509,0.0,0.005963139999999518,-0.023853549999994592,-0.014882269999997269,-0.020503849999991643,0.02008958999999938,-0.019327469999996218,0.012505970000004526,-0.016248030000000767,0.008577989999998795,-0.012178839999999568,0.00673364000000069,-0.007341179999999547,0.004508059999998963,-0.004276130000000071,0.003241270000000656,0.0,0.0033740199999996636,-0.018403580000009793,-0.011360960000004559,-0.013419400000000841,0.016791420000007832,-0.01006112999999983,0.008234269999998123,-0.007775949999998717,0.004809670000000406,-0.005617710000000816,0.0035330900000005248,-0.003521010000000021,0.0013017099999997656,-0.0024027699999991515,0.0018432900000001338,0.0,0.0019424999999999965,-0.022721920000009117,0.0,-0.011860999999998735,0.0,-0.007253459999999222,0.0,-0.004887579999999208,0.0,-0.002708979999998798,0.0,-0.0028145400000003473,0.0,-0.0019424999999999965,0.0,0.0,0.0
0.11635152000002441,-0.11635152000002441,0.2514379899999371,-0.018734949999996486,0.7354583399999033,-0.2325823599999645,-0.11842780000001202,1.589344479999835,-0.02646909000000318,-0.21038651000004488,-0.003569009999999583,-0.049369169999981526,0.00020512999999999643,-0.007343150000001311,0.0,0.00041025999999999286,-0.13857759000006883,-0.09412544999997749,-0.35172698000013036,0.037101900000028006,-1.307022069999533,0.13840339000000415,0.26213156000017174,0.3025132599999618,0.05340810999999486,0.05008199000002079,0.007028579999996741,0.0010492999999999323,-0.00028676000000011346,-0.0003423799999998596,0.0,0.0002469999999999792,-0.1330216900000117,-0.055229210000016064,-0.24138749000010487,0.04954790999999859,-0.27368437999985656,0.06771618000000061,-0.028522769999993407,0.08618052999999816,0.005732809999999845,0.03738562999999601,0.0020707199999999556,0.011493500000004453,0.0003277599999999232,0.003128919999999446,0.0,0.0011495200000000568,-0.06889041000001392,-0.04156800999999821,-0.09215437999997098,0.053469380000002543,-0.08631684000000826,0.03744043999999404,-0.031958459999985776,0.03168584000000228,-0.008160670000003348,0.019015010000000325,-0.0015689799999997886,0.008234640000000251,-0.00042685000000006103,0.0035467300000009724,0.0,0.0014453400000006321,-0.058190689999989956,-0.024945329999991026,-0.043688060000009694,0.034245439999960964,-0.0330975799999944,0.020602339999999154,-0.017919429999989595,0.015095950000003803,-0.007373290000000208,0.00956445000000652,-0.0030643599999989586,0.0047870600000012465,-0.0009705099999993918,0.0019352500000013747,0.0,0.0009496600000004788,-0.03657424999999034,-0.01331640999999709,-0.022655390000002922,0.017997769999999698,-0.015936490000011405,0.011830390000002036,-0.009705730000001887,0.00802464999999477,-0.003999619999999433,0.0037170600000005377,-0.0008340400000000399,0.0024089199999992933,-0.0003591699999998682,0.002561590000000014,0.0,0.0011809799999988443,-0.01829103999999829,-0.008341779999999521,-0.012455919999999593,0.011869380000001593,-0.007951010000002798,0.006699949999998955,-0.0031971099999995372,0.0033443899999997862,-0.0022784100000002726,0.003318310000000481,-0.001972169999999852,0.0022331900000003794,-0.0005492499999999958,0.0017280899999996089,0.0,0.0012634600000002855,-0.016683559999999042,0.0,-0.009628360000001085,0.0,-0.005856819999997833,0.0,-0.005024860000001088,0.0,-0.003413099999999468,0.0,-0.0023598199999998303,0.0,-0.0012634600000002855,0.0,0.0,0.0
0.019327000000000195,-0.019327000000000195,0.032290740000018386,0.0063632600000005255,0.0704252200000039,-0.0058437399999989184,0.167319529999989,-0.02646909000000318,0.453466350000026,-0.11882728999997381,0.1635903500000181,0.743342349999771,0.0798591999999946,0.2473215000000295,0.0,0.1597183999999892,-0.017909959999995263,-0.020744040000000265,-0.030795230000001346,0.007701829999999337,-0.07758757000000532,0.004309630000000778,-0.22340551999996142,0.01529219999999707,-0.770044290000174,0.0855786700000206,-0.24712521999989517,0.1937213399999174,-0.11730073999998991,0.11769329999996814,0.0,0.08483532000002318,-0.01937401000000056,-0.022114070000002976,-0.037046070000026014,0.013701709999998719,-0.08425809000000177,0.018785209999997585,-0.1714655899999882,0.03353381000000131,-0.22226409999991656,0.05049025999998608,-0.12491160000002857,0.06782607999998679,-0.06389256999995842,0.049455969999993535,0.0,0.04188550000000309,-0.024784449999999646,-0.019443689999997685,-0.04021649999998738,0.018051019999998644,-0.061521579999999104,0.018659000000006587,-0.07836584000003863,0.022390300000004262,-0.08182365999999355,0.026072500000003367,-0.05517780000000143,0.02718264000000354,-0.031995339999972734,0.02055168000000253,0.0,0.019780319999995976,-0.025185459999993783,-0.013701920000003908,-0.028202090000003625,0.01393321000000153,-0.033381710000002125,0.014295529999999801,-0.036029750000006966,0.014046930000002433,-0.03303337000000608,0.013118869999998057,-0.023620799999998287,0.011919340000004601,-0.015489060000003694,0.009350819999995695,0.0,0.00858251999999097,-0.014056850000001737,-0.013346989999999975,-0.017882030000001815,0.017634749999992982,-0.0184580300000011,0.01128502999999981,-0.017042320000002335,0.00822011999999683,-0.014707379999999935,0.006860479999998703,-0.010402659999996313,0.004826579999999305,-0.0065714700000001425,0.00446779000000108,0.0,0.004022099999999796,-0.014639179999999162,-0.012054800000002593,-0.012226239999994754,0.018217379999997826,-0.009976019999999823,0.008093600000004473,-0.00807707999999872,0.0045652800000016685,-0.006321030000004875,0.003887829999999067,-0.004627399999998574,0.001638500000000244,-0.0026469499999994934,0.002327729999999702,0.0,0.002750299999998334,-0.024109600000005185,0.0,-0.011784440000000198,0.0,-0.007381679999999662,0.0,-0.005632799999999442,0.0,-0.0034899400000005278,0.0,-0.003702879999999579,0.0,-0.002750299999998334,0.0,0.0,0.0
0.05392712000000049,-0.05392712000000049,0.10200859999995622,0.005845640000000008,0.26039846000002853,-0.05638125999999671,0.7311834299998771,-0.21038651000004488,-0.11882728999997381,1.5811941500001834,-0.02442413000000495,-0.21323044999996146,-0.0034958600000005143,-0.045352399999994915,0.0,-0.006991720000001029,-0.05586901999999559,-0.051985219999986454,-0.11715796999997581,0.01711121000000181,-0.36452453000001583,0.01744607000000591,-1.2999509999997436,0.15012891999999264,0.26181890999998064,0.30066739000001247,0.049808220000002325,0.047368699999999785,0.007094180000001121,0.0018174600000003586,0.0,0.00020492000000000795,-0.0631550099999745,-0.0408154300000066,-0.12388255000000356,0.031794949999988914,-0.25293190999986415,0.040058949999998164,-0.2721790700000938,0.06657308999999569,-0.026699840000007045,0.08367647999999883,0.004818680000001736,0.036519040000017364,0.0022863300000002485,0.010985949999997935,0.0,0.004982500000000288,-0.05736040999998951,-0.0242704500000024,-0.07359190000000841,0.02246097999999933,-0.09225665999999778,0.025190759999999042,-0.08410964000001885,0.03274249999996926,-0.03183612000000736,0.0309698000000016,-0.008087399999999476,0.017453239999994288,-0.002591880000000347,0.008388979999998674,0.0,0.004781239999999821,-0.02350699999999501,-0.025033900000006864,-0.0354516700000026,0.03335963000000387,-0.040412490000007364,0.01989066999999354,-0.032277950000004704,0.016937970000003386,-0.016548289999996118,0.013931990000005716,-0.007795320000002571,0.00960522000000049,-0.0031093600000003346,0.004296680000000006,0.0,0.0033437600000016756,-0.03365024999998563,-0.016417550000013055,-0.023125670000001215,0.022544429999997558,-0.020196910000001816,0.013726909999998711,-0.015453739999999914,0.008935860000000703,-0.00965030000000344,0.006606800000000314,-0.004279700000001016,0.00418954000000079,-0.001980790000000401,0.002014750000000471,0.0,0.002725940000000557,-0.022167979999999757,-0.010667120000003038,-0.014612559999999403,0.015365459999999649,-0.010146240000000336,0.00837493999999499,-0.007474819999998768,0.005054059999999993,-0.00491439000000025,0.00317834999999998,-0.002414619999999412,0.0009649199999999718,-0.002158589999997821,0.0013588499999998692,0.0,0.0011346999999996086,-0.021334240000006076,0.0,-0.01193755999999908,0.0,-0.007125240000000143,0.0,-0.004142360000001651,0.0,-0.0019280199999994435,0.0,-0.0019262000000000662,0.0,-0.0011346999999996086,0.0,0.0,0.0
0.010488870000001073,-0.010488870000001073,0.016421929999994932,0.004555809999998172,0.03300704999998852,-0.00016318999999998408,0.06958311000000526,-0.003569009999999583,0.1635903500000181,-0.02442413000000495,0.44080930000010493,-0.11362860000000562,0.19256311000007056,0.6890554900000205,0.0,0.38512622000014113,-0.009433949999999108,-0.011543789999998484,-0.0142140000000049,0.004457719999999315,-0.031452289999992,0.002697909999999275,-0.07658825999995705,0.006545659999998984,-0.21762172999999457,0.015596950000008231,-0.7464062499996884,0.08390559000001202,-0.29971138999993924,0.18500987000001654,0.0,0.1708296599999259,-0.009296109999999714,-0.013791470000003163,-0.0170385999999934,0.00736182000000172,-0.03727079999999479,0.008589419999994527,-0.08268174000001881,0.021231460000001874,-0.1697194200000362,0.03554984000000101,-0.22124016000003865,0.04961249999999684,-0.1357076400000661,0.06324706000003956,0.0,0.0702440399999589,-0.012725639999996763,-0.014857300000000236,-0.021640350000003607,0.010912710000001581,-0.042129500000005496,0.01602764000000182,-0.06346809000002494,0.021672010000001296,-0.07743050000001905,0.021594000000000363,-0.07902479999999559,0.023388800000007197,-0.055858819999994334,0.024303339999998085,0.0,0.028770439999999467,-0.016286390000003637,-0.013428209999999038,-0.024964890000002505,0.014217530000000448,-0.03175309999999203,0.013878599999998525,-0.032649339999994656,0.012487159999994871,-0.03338209000000044,0.011271409999996094,-0.0308927100000081,0.010906130000000788,-0.02321098999999726,0.010032250000000732,0.0,0.01111890000000118,-0.01808050000000099,-0.008775919999999866,-0.017243389999991813,0.009517449999996047,-0.01688603999999963,0.010156460000000474,-0.01576126000000746,0.006963499999998999,-0.014738669999997149,0.005758969999997858,-0.012326399999997436,0.004661320000001877,-0.008925449999996825,0.004337149999998162,0.0,0.004386899999997477,-0.007846730000002453,-0.009705109999995307,-0.010986930000002046,0.014328369999996909,-0.00864186000000044,0.006980919999998261,-0.007443920000001499,0.004087199999998548,-0.0062283299999990865,0.002858429999999216,-0.0050124799999998184,0.0018784600000002173,-0.0030761700000007755,0.0017255100000003046,0.0,0.0026214600000012754,-0.019410219999990614,0.0,-0.010163699999996152,0.0,-0.006365560000000075,0.0,-0.004556719999999015,0.0,-0.0033965799999994377,0.0,-0.003036240000000405,0.0,-0.0026214600000012754,0.0,0.0,0.0
0.028165130000005395,-0.028165130000005395,0.04815954999999739,0.008170709999999094,0.10784338999998264,-0.011524289999998848,0.2650559500001793,-0.049369169999981526,0.743342349999771,-0.21323044999996146,-0.11362860000000562,1.6003133000003145,-0.03284470999999318,-0.19441248999995248,0.0,-0.06568941999998636,-0.026385970000012405,-0.02994429000000321,-0.0473764599999852,0.010945940000001956,-0.1237228500000119,0.005921350000000325,-0.3702227800000199,0.024038739999992408,-1.3224668499995866,0.15556038999997715,0.2521558099999898,0.3035370900000117,0.06510991000003853,0.05037673000000825,0.0,-0.0011590199999995936,-0.029451909999998662,-0.03043666999999531,-0.05705353999999569,0.02004159999999328,-0.1312453799999459,0.028981000000007077,-0.2602494399999967,0.04583615999999022,-0.2748087799999678,0.0654306800000135,-0.028583039999994456,0.08603966000003234,0.007922500000004898,0.03566487999999845,0.0,0.013526960000000907,-0.03684325999999963,-0.02403007999999502,-0.058792650000011715,0.02518932999999119,-0.08091365999998723,0.021290360000001497,-0.09326359000003115,0.023108590000002566,-0.08621681999999986,0.030550999999996473,-0.031330799999986156,0.030976480000005677,-0.00813185999999959,0.01680002000000772,0.0,0.010790200000000109,-0.034084530000008474,-0.013975629999998492,-0.03143928999998731,0.013648889999998375,-0.03501031999999081,0.01471245999999873,-0.0394101600000243,0.01560669999999957,-0.03268465000001027,0.014966330000000437,-0.01634889000000287,0.01293255000000271,-0.007767130000001585,0.008669390000002082,0.0,0.00604613999999849,-0.010033199999998682,-0.017918060000010425,-0.01852067000001503,0.02575205000000058,-0.020030019999998278,0.01241360000000021,-0.01832337999999912,0.009476740000001375,-0.014676089999999356,0.007961990000003973,-0.008478919999998776,0.004991839999999531,-0.004217490000000471,0.004598429999999586,0.0,0.00365729999999966,-0.02143163000000489,-0.014404489999994607,-0.01346555000000223,0.02210638999999581,-0.011310180000001923,0.009206279999999935,-0.00871023999999947,0.005043360000001247,-0.006413730000000975,0.004917229999999856,-0.004242320000000584,0.0013985400000004991,-0.0022177300000003567,0.0029299500000007674,0.0,0.002879140000000284,-0.028808979999989215,0.0,-0.013405179999999023,0.0,-0.008397800000001445,0.0,-0.0067088799999993,0.0,-0.0035833000000000887,0.0,-0.004369520000000901,0.0,-0.002879140000000284,0.0,0.0,0.0
0.006892850000000253,-0.006892850000000253,0.010227570000001919,0.0035581300000006146,0.019193400000003906,0.0012617399999992535,0.038181670000013324,0.00020512999999999643,0.0798591999999946,-0.0034958600000005143,0.19256311000007056,-0.03284470999999318,0.5226103999997348,-0.13748417999996457,0.0,1.0452207999994696,-0.006080080000000718,-0.007705620000000912,-0.008207719999995939,0.003163820000000585,-0.016500480000010826,0.002608519999999869,-0.03630112999999617,0.0037104299999999027,-0.08701089999998565,0.007416919999998635,-0.2559105299999768,0.016199309999994155,-0.8889433100001662,0.10215389000000424,0.0,0.3125549799999611,-0.005384109999997471,-0.010027130000002235,-0.0098553200000004,0.00541473999999936,-0.019296330000009188,0.004802730000001095,-0.04322983999999473,0.012058040000000906,-0.09808706000000941,0.026461220000004202,-0.20609013000012252,0.04231462999999679,-0.26195866999971584,0.05408619000001623,0.0,0.10119261999999717,-0.008289270000009221,-0.011764990000000109,-0.013387940000002879,0.007638880000001775,-0.02679638999999813,0.009625970000001037,-0.05076317999999433,0.021286479999998238,-0.07433986000001153,0.025735940000000613,-0.08439859000001423,0.020348129999997005,-0.0830305899999635,0.02240579000000134,0.0,0.036324059999998146,-0.011474690000008286,-0.012055289999999334,-0.01806479999999485,0.010393179999998944,-0.031386099999993956,0.014508440000000414,-0.03619310000000141,0.01599385999998802,-0.03220462999999471,0.011290309999998485,-0.0326368600000072,0.00892386000000154,-0.02970962000000997,0.00924748000000075,0.0,0.013228880000001293,-0.014263290000000567,-0.00984728999999998,-0.019052310000000284,0.01131208999999989,-0.020438289999993704,0.011350550000000209,-0.015701949999999243,0.006813090000002544,-0.013425920000002648,0.004602640000000052,-0.012495770000000062,0.003491650000000466,-0.010889050000000223,0.0043924699999988576,0.0,0.004679659999999772,-0.013184010000004565,-0.006510570000000332,-0.012273910000002202,0.008530070000001971,-0.007984519999993432,0.006137799999997507,-0.006071580000001569,0.0037287200000002602,-0.005288980000001283,0.0023511000000005678,-0.005351749999999245,0.001757090000000389,-0.003666040000000049,0.00174748000000005,0.0,0.0020272399999996193,-0.013021140000000663,0.0,-0.00898214000000115,0.0,-0.005688679999998065,0.0,-0.003919919999998176,0.0,-0.0031376400000010193,0.0,-0.0027611000000003416,0.0,-0.0020272399999996193,0.0,0.0,0.0
0.01408489000000272,-0.01408489000000272,0.022616289999992,0.005553489999997096,0.04682070000000937,-0.0015881199999998347,0.10098454999999056,-0.007343150000001311,0.2473215000000295,-0.045352399999994915,0.6890554900000205,-0.19441248999995248,-0.13748417999996457,1.5155951599994812,0.0,-0.27496835999992914,-0.012787819999997145,-0.01538196000000519,-0.020220280000004396,0.005751619999999022,-0.04640410000000632,0.0027872999999993733,-0.11687538999998817,0.009380890000001675,-0.34823255999994013,0.02377697999999474,-1.2369019700006263,0.1516118699999947,0.28952052999995415,0.2678658499999719,0.0,0.029104340000004447,-0.013208110000001645,-0.017555809999997552,-0.024221879999998495,0.009308900000004436,-0.05524526999998002,0.012376109999999082,-0.12213363999998106,0.030404879999995325,-0.2413517800000199,0.044638459999996175,-0.23639019000000727,0.05691037000001698,-0.009456610000000934,0.07240793000001614,0.0,0.039295460000008,-0.017162010000001296,-0.017949610000000248,-0.029892760000004154,0.014186540000003946,-0.057462609999994946,0.022429309999998346,-0.07617299999999043,0.0220575399999973,-0.08052114000001365,0.017452059999999287,-0.07365100999999977,0.02642946999999715,-0.02868704999999939,0.026200889999990953,0.0,0.021216820000002908,-0.021098089999994844,-0.01480113000000047,-0.0318649800000018,0.018041879999999302,-0.032120100000006195,0.013248760000001417,-0.029105580000006456,0.008980459999995808,-0.03455954999997788,0.011252510000001586,-0.029148559999999574,0.012888400000000322,-0.016712360000007004,0.010817020000002325,0.0,0.009008920000008183,-0.021897710000001066,-0.007704550000001214,-0.015434470000001728,0.007722809999998439,-0.013333789999999887,0.008962369999996117,-0.01582056999999926,0.007113910000001182,-0.016051420000006904,0.006915300000001169,-0.012157030000004015,0.005830989999999268,-0.00696184999999955,0.004281830000001991,0.0,0.00409413999999909,-0.0025094499999988727,-0.012899649999999553,-0.009699950000004384,0.020126670000004652,-0.009299199999999487,0.007824040000004502,-0.008816260000000013,0.0044456800000002095,-0.007167679999999816,0.003365760000001298,-0.004673210000003026,0.00199982999999977,-0.002486299999999813,0.001703539999999957,0.0,0.003215680000000627,-0.025799299999999106,0.0,-0.011345260000000142,0.0,-0.007042440000000554,0.0,-0.005193520000000789,0.0,-0.003655520000000432,0.0,-0.003311379999998482,0.0,-0.003215680000000627,0.0,0.0,0.0
0.0,0.0,0.0,0.0,0.0,0.0,0.0,0.0,0.0,0.0,0.0,0.0,0.0,0.0,0.0,0.0,0.0,0.0,0.0,0.0,0.0,0.0,0.0,0.0,0.0,0.0,0.0,0.0,0.0,0.0,0.0,0.0,0.0,0.0,0.0,0.0,0.0,0.0,0.0,0.0,0.0,0.0,0.0,0.0,0.0,0.0,0.0,0.0,0.0,0.0,0.0,0.0,0.0,0.0,0.0,0.0,0.0,0.0,0.0,0.0,0.0,0.0,0.0,0.0,0.0,0.0,0.0,0.0,0.0,0.0,0.0,0.0,0.0,0.0,0.0,0.0,0.0,0.0,0.0,0.0,0.0,0.0,0.0,0.0,0.0,0.0,0.0,0.0,0.0,0.0,0.0,0.0,0.0,0.0,0.0,0.0,0.0,0.0,0.0,0.0,0.0,0.0,0.0,0.0,0.0,0.0,0.0,0.0,0.0,0.0,0.0,0.0,0.0,0.0,0.0,0.0,0.0,0.0,0.0,0.0,0.0,0.0,0.0,0.0,0.0,0.0,0.0,0.0
0.013785700000000506,-0.013785700000000506,0.020455140000003837,0.007116260000001229,0.03838680000000781,0.002523479999998507,0.07636334000002665,0.00041025999999999286,0.1597183999999892,-0.006991720000001029,0.38512622000014113,-0.06568941999998636,1.0452207999994696,-0.27496835999992914,0.0,2.090441599998939,-0.012160160000001436,-0.015411240000001825,-0.016415439999991878,0.00632764000000117,-0.03300096000002165,0.005217039999999738,-0.07260225999999234,0.007420859999999805,-0.1740217999999713,0.01483383999999727,-0.5118210599999536,0.03239861999998831,-1.7778866200003325,0.2043077800000085,0.0,0.6251099599999222,-0.010768219999994942,-0.02005426000000447,-0.0197106400000008,0.01082947999999872,-0.038592660000018375,0.00960546000000219,-0.08645967999998946,0.024116080000001813,-0.19617412000001883,0.052922440000008404,-0.41218026000024505,0.08462925999999359,-0.5239173399994317,0.10817238000003246,0.0,0.20238523999999433,-0.016578540000018443,-0.023529980000000218,-0.026775880000005758,0.01527776000000355,-0.05359277999999626,0.019251940000002073,-0.10152635999998866,0.042572959999996475,-0.14867972000002305,0.051471880000001226,-0.16879718000002847,0.04069625999999401,-0.166061179999927,0.04481158000000268,0.0,0.07264811999999629,-0.022949380000016572,-0.024110579999998667,-0.0361295999999897,0.020786359999997887,-0.06277219999998791,0.029016880000000828,-0.07238620000000281,0.03198771999997604,-0.06440925999998942,0.02258061999999697,-0.0652737200000144,0.01784772000000308,-0.05941924000001994,0.0184949600000015,0.0,0.026457760000002585,-0.028526580000001134,-0.01969457999999996,-0.03810462000000057,0.02262417999999978,-0.04087657999998741,0.022701100000000418,-0.031403899999998486,0.013626180000005088,-0.026851840000005296,0.009205280000000104,-0.024991540000000124,0.006983300000000932,-0.021778100000000446,0.008784939999997715,0.0,0.009359319999999545,-0.02636802000000913,-0.013021140000000663,-0.024547820000004404,0.017060140000003943,-0.015969039999986865,0.012275599999995014,-0.012143160000003138,0.0074574400000005205,-0.010577960000002566,0.0047022000000011355,-0.01070349999999849,0.003514180000000778,-0.007332080000000098,0.0034949600000001,0.0,0.0040544799999992385,-0.026042280000001326,0.0,-0.0179642800000023,0.0,-0.01137735999999613,0.0,-0.007839839999996353,0.0,-0.006275280000002039,0.0,-0.005522200000000683,0.0,-0.0040544799999992385,0.0,0.0,0.0
