x1,x2,x3,x4,x5,x6,x7,x8,x9,x10,x11,x12,x13,x14,x15,x16,x17,x18,x19,x20,x21,x22,x23,x24,x25,x26,x27,x28,x29,x30,x31,x32,x33,x34,x35,x36,x37,x38,x39,x40,x41,x42,x43,x44,x45,x46,x47,x48,x49,x50,x51,x52,x53,x54,x55,x56,x57,x58,x59,x60,x61,x62,x63,x64,x65,x66,x67,x68,x69,x70,x71,x72
0.509676690000053,-0.509676690000053,0.18158057000005215,0.8377728099999223,0.07653472000000318,0.28662642000022936,0.03580769999999549,0.11726173999995364,0.020720739999997666,0.05089465999998404,0.0,0.04144147999999533,-0.837774850000274,-0.18157853000001495,-0.26506474999997803,0.2650606700000624,-0.10608873000002216,0.14921207000005207,-0.048348070000002,0.0706940899999919,-0.02956128999999761,0.03465447000000576,0.0,0.02376038000000448,-0.2868579200000887,-0.07629913999994278,-0.14923497000009212,0.10564047000003923,-0.06755234999996591,0.06750655000003611,-0.033007590000008295,0.03929106999999917,-0.016397080000004116,0.01969083999999159,0.0,0.014726599999999028,-0.11707210000000218,-0.035526179999989894,-0.07077469999998537,0.0479114399999893,-0.03907005999996552,0.03253375999997373,-0.019431440000003148,0.019873459999993084,-0.010468510000000686,0.010987310000001103,0.0,0.008516180000003455,-0.050056230000009055,-0.02099612999999517,-0.034078970000004566,0.029789389999995433,-0.019990799999993612,0.016900379999992825,-0.011224010000001542,0.01098933000000256,-0.005875169999999324,0.005401769999999198,0.0,0.00528201999999918,-0.04199225999999034,0.0,-0.024405739999995086,0.0,-0.01501071999999866,0.0,-0.008042780000002366,0.0,-0.00528201999999918,0.0,0.0,0.0
-0.509676690000053,0.509676690000053,-0.18158057000005215,-0.8377728099999223,-0.07653472000000318,-0.28662642000022936,-0.03580769999999549,-0.11726173999995364,-0.020720739999997666,-0.05089465999998404,0.0,-0.04144147999999533,0.837774850000274,0.18157853000001495,0.26506474999997803,-0.2650606700000624,0.10608873000002216,-0.14921207000005207,0.048348070000002,-0.0706940899999919,0.02956128999999761,-0.03465447000000576,0.0,-0.02376038000000448,0.2868579200000887,0.07629913999994278,0.14923497000009212,-0.10564047000003923,0.06755234999996591,-0.06750655000003611,0.033007590000008295,-0.03929106999999917,0.016397080000004116,-0.01969083999999159,0.0,-0.014726599999999028,0.11707210000000218,0.035526179999989894,0.07077469999998537,-0.0479114399999893,0.03907005999996552,-0.03253375999997373,0.019431440000003148,-0.019873459999993084,0.010468510000000686,-0.010987310000001103,0.0,-0.008516180000003455,0.050056230000009055,0.02099612999999517,0.034078970000004566,-0.029789389999995433,0.019990799999993612,-0.016900379999992825,0.011224010000001542,-0.01098933000000256,0.005875169999999324,-0.005401769999999198,0.0,-0.00528201999999918,0.04199225999999034,0.0,0.024405739999995086,0.0,0.01501071999999866,0.0,0.008042780000002366,0.0,0.00528201999999918,0.0,0.0,0.0
0.18158057000005215,-0.18158057000005215,0.43535938000002244,-0.0721982400000308,0.15970389000004884,0.7110148700001491,0.06578258999999995,0.2536251899998924,0.035743060000020685,0.09582212000001292,0.0,0.07148612000004137,-0.2433903000000376,-0.11977083999995897,-0.7383819800000789,0.10720489999995154,-0.24027991000006954,0.18554569000010784,-0.09199658999998038,0.118687150000006,-0.05106517999998231,0.05871624000001149,0.0,0.04084188000002065,-0.1741589700001055,-0.06538271000000735,-0.21155480000007723,0.07764666000000822,-0.1214014600000113,0.06938324000001131,-0.05826264000000344,0.05283401999999255,-0.02914995999999489,0.030057159999989636,0.0,0.02338384000000163,-0.09522967000000866,-0.03553574999999988,-0.08079311000000286,0.045627089999990836,-0.05637685999999182,0.03355712000000929,-0.03131270999999445,0.024227030000005156,-0.017354220000004417,0.014843119999999729,0.0,0.012059240000003935,-0.04836666999999923,-0.022704830000000967,-0.03764110999999823,0.03216194999998251,-0.02587470000000872,0.017706720000000623,-0.01572873999999559,0.012433399999999038,-0.008744780000001853,0.006973540000000531,0.0,0.006628919999999815,-0.045409660000001933,0.0,-0.02649541999999703,0.0,-0.017577400000003074,0.0,-0.01028799999999752,0.0,-0.006628919999999815,0.0,0.0,0.0
0.8377728099999223,-0.8377728099999223,-0.0721982400000308,1.7477438599998836,-0.006634449999998941,-0.13776202999994303,0.005832809999998745,-0.019101709999994144,0.005698420000000507,0.0059671999999980595,0.0,0.011396840000001013,-1.4321594000002196,-0.243386220000103,0.20825248000000432,0.4229164399999178,0.028102450000005455,0.11287844999998194,-0.0046995500000007705,0.02270103000000712,-0.008057399999997529,0.010592699999997927,0.0,0.006678879999998744,-0.39955687000000234,-0.08721557000001695,-0.08691513999994799,0.13363428000001745,-0.013703239999999598,0.06562986000000752,-0.007752540000004678,0.025748119999995246,-0.0036442000000002535,0.00932451999999969,0.0,0.006069359999997126,-0.13891452999994272,-0.03551661000000199,-0.06075628999997844,0.05019579000000477,-0.0217632599999951,0.031510400000005906,-0.007550170000002089,0.015519889999993767,-0.0035828000000001363,0.00713150000000035,0.0,0.004973120000000339,-0.051745790000019304,-0.01928742999999848,-0.030516830000003457,0.027416830000004406,-0.014106900000002235,0.016094040000000386,-0.0067192799999995076,0.009545259999999486,-0.003005560000000493,0.003830000000001633,0.0,0.003935119999999723,-0.03857485999999696,0.0,-0.022316059999996897,0.0,-0.012444040000000735,0.0,-0.005797559999999652,0.0,-0.003935119999999723,0.0,0.0,0.0
0.07653472000000318,-0.07653472000000318,0.15970389000004884,-0.006634449999998941,0.4527297999999643,-0.13332202000000656,0.1614681799999325,0.7439914200002313,0.07878890999999678,0.2441474500000973,0.0,0.15757781999999357,-0.08782874000001022,-0.06524069999999432,-0.21314996000000314,0.024223580000002274,-0.7689773000000281,0.07603334000000869,-0.2420012999999379,0.19202954000000694,-0.11495010999999256,0.1192424099999849,0.0,0.08525542000000745,-0.08696528999998539,-0.04351611000000999,-0.16220494000004398,0.03672151999998756,-0.2205476599999101,0.048204459999997715,-0.12589626000008777,0.06886001999990564,-0.06325848999999259,0.04995079000000302,0.0,0.04399386000001111,-0.05645577999998567,-0.030576440000011144,-0.07458358999999264,0.03511507000002563,-0.08233050999996054,0.02957224999999765,-0.05585396000000423,0.02891298000000128,-0.03402083999999903,0.022214499999999943,0.0,0.019946040000001462,-0.03787110999999796,-0.023281770000002498,-0.03792646999998875,0.03241438999998211,-0.034161739999989005,0.017453299999997215,-0.02470983000000186,0.01421230999999909,-0.014738119999997341,0.009747460000002425,0.0,0.010415840000001451,-0.046563540000004996,0.0,-0.02829829999999343,0.0,-0.021689999999994342,0.0,-0.014955380000001944,0.0,-0.010415840000001451,0.0,0.0,0.0
0.28662642000022936,-0.28662642000022936,0.7110148700001491,-0.13776202999994303,-0.13332202000000656,1.5553517600000988,-0.02990300000000554,-0.23674104000004076,-0.007302789999997906,-0.05250320999998475,0.0,-0.014605579999995812,-0.39895186000010147,-0.17430098000007277,-1.2636139999998774,0.1901862200000302,0.28841748000008804,0.2950580399999671,0.058008120000002154,0.04534476000000106,0.012819749999995949,-0.0018099299999988988,0.0,-0.003571659999999703,-0.2613526500001277,-0.08724931000002743,-0.26090466000013773,0.11857180000001662,-0.022255259999989195,0.09056201999999702,0.00937097999999817,0.03680801999999966,0.004958570000000707,0.010163530000004178,0.0,0.002773819999999684,-0.13400356000006364,-0.04049505999999822,-0.08700262999997314,0.05613911000000602,-0.030423210000001675,0.03754198999999155,-0.006771459999999449,0.01954107999999803,-0.0006875999999999884,0.007471740000001231,0.0,0.004172439999998079,-0.05886223000000919,-0.022127889999999498,-0.03735575000001337,0.03190950999999278,-0.017587659999993892,0.0179601400000028,-0.006747650000000768,0.010654489999998492,-0.002751439999999908,0.00419961999999909,0.0,0.002841999999999787,-0.044255779999998995,0.0,-0.024692540000001748,0.0,-0.013464799999995248,0.0,-0.005620620000000165,0.0,-0.002841999999999787,0.0,0.0,0.0
0.03580769999999549,-0.03580769999999549,0.06578258999999995,0.005832809999998745,0.1614681799999325,-0.02990300000000554,0.43763340000004636,-0.11469703999997316,0.19049361000004747,0.6847731900000049,0.0,0.38098722000009494,-0.0361443100000016,-0.03547108999998543,-0.07244377000001746,0.011820769999998008,-0.21631216000000217,0.011618619999999528,-0.7403173200001006,0.07829892000002193,-0.29454620000009546,0.18345794000002252,0.0,0.17288204000002458,-0.040152920000019306,-0.030789260000011136,-0.07967896999997891,0.02301466999999727,-0.16425423999998123,0.028133540000004616,-0.22000609999998855,0.04809546000002324,-0.13638422999997388,0.06328791000000965,0.0,0.07299562000003898,-0.04263263999999816,-0.018945879999991498,-0.05592241999999727,0.016686479999996277,-0.07587583999998476,0.0202980799999939,-0.0796893000000017,0.02412853999999783,-0.058280919999990986,0.0254781400000026,0.0,0.029429400000009574,-0.020268679999993586,-0.01762308000000035,-0.030336229999995006,0.023171830000004348,-0.033401689999983344,0.013325390000002586,-0.031278469999994,0.01273216999999908,-0.022573599999996842,0.010972940000001022,0.0,0.013711599999995496,-0.0352461600000007,0.0,-0.024148660000009235,0.0,-0.021646539999996422,0.0,-0.01782873999999367,0.0,-0.013711599999995496,0.0,0.0,0.0
0.11726173999995364,-0.11726173999995364,0.2536251899998924,-0.019101709999994144,0.7439914200002313,-0.23674104000004076,-0.11469703999997316,1.6026798800003643,-0.032915789999979676,-0.19647828999997355,0.0,-0.06583157999995935,-0.13951316999998134,-0.0950103100000026,-0.35385614999996323,0.03662639000000055,-1.321642439999806,0.14044806000003696,0.25631471999999766,0.3057601599999106,0.06464597999996731,0.055026880000010624,0.0,-0.002371200000000295,-0.13377765999996336,-0.05624295999999663,-0.24473091000003414,0.05042836999999119,-0.27684107999992147,0.06827537999994786,-0.03178641999998459,0.08962457999997764,0.009867249999996679,0.03661366999997766,0.0,0.014992099999999732,-0.0702789200000111,-0.04220700000001565,-0.09324475999998207,0.05354365999998765,-0.08878517999998913,0.03884642000000393,-0.03201862000001811,0.03369741999999882,-0.00976076000000596,0.018950859999993557,0.0,0.010462680000000708,-0.05547353999998619,-0.0289404600000008,-0.045516709999982675,0.04165695000001208,-0.034921790000007,0.02158120999999776,-0.01814119000000111,0.015692450000002658,-0.006902639999999895,0.00852197999999874,0.0,0.007120079999999534,-0.0578809200000016,0.0,-0.03244794000001596,0.0,-0.021733459999996183,0.0,-0.012082020000002042,0.0,-0.007120079999999534,0.0,0.0,0.0
0.020720739999997666,-0.020720739999997666,0.035743060000020685,0.005698420000000507,0.07878890999999678,-0.007302789999997906,0.19049361000004747,-0.032915789999979676,0.5212620199998029,-0.14027480000012588,0.0,1.0425240399996059,-0.018886279999992955,-0.02255520000000744,-0.034074480000002336,0.007698760000003529,-0.08707000000000281,0.004315459999999948,-0.25360774000011943,0.01363616000000429,-0.8851964800001064,0.09743140000000308,0.0,0.31465511999998425,-0.02164216999999865,-0.023468230000005186,-0.04255580999999054,0.01466898999999446,-0.09616198999999463,0.019681290000001808,-0.20236700000006622,0.037315340000002334,-0.26231270000010176,0.052441500000006504,0.0,0.10468483999996359,-0.029204179999994268,-0.01773228000000204,-0.04498087000000843,0.015910489999999427,-0.06958867999999481,0.018989519999996134,-0.08378648999996353,0.019239809999989886,-0.08593071999998715,0.02324073999999184,0.0,0.03750823999999653,-0.023683489999996966,-0.011781070000003545,-0.028908530000006875,0.013362530000001227,-0.030332990000004636,0.01049497000000285,-0.03266267000000359,0.010476309999994956,-0.029315319999995697,0.01047146000000412,0.0,0.01638584000001501,-0.02356214000000709,0.0,-0.020399219999989112,0.0,-0.01980850000000194,0.0,-0.018664379999996684,0.0,-0.01638584000001501,0.0,0.0,0.0
0.05089465999998404,-0.05089465999998404,0.09582212000001292,0.0059671999999980595,0.2441474500000973,-0.05250320999998475,0.6847731900000049,-0.19647828999997355,-0.14027480000012588,1.5098211799999488,0.0,-0.28054960000025175,-0.05340233999999088,-0.04838697999999531,-0.11081306000001455,0.015942780000001246,-0.34555431999986663,0.018921780000003028,-1.2270269000006684,0.14296167999995496,0.2961040799999407,0.269484479999932,0.0,0.031108959999993732,-0.058663669999980864,-0.03811028999999745,-0.11680212999999764,0.03136035000000423,-0.2323464900000607,0.03658578999999999,-0.23764519999998665,0.05887557999998501,-0.010455759999997661,0.07413431999998177,0.0,0.04130639999999199,-0.056061100000006,-0.02015947999999677,-0.06686397000002121,0.017462470000005788,-0.08216300000001715,0.021606640000005343,-0.0755921099999791,0.029017270000004817,-0.0306311200000051,0.02771554000000475,0.0,0.021350559999991983,-0.01685386999999938,-0.023465090000000566,-0.031763929999997526,0.03298113000000863,-0.03647038999999312,0.016155809999999368,-0.029894270000001635,0.01498803000000212,-0.0158318799999988,0.011474419999998313,0.0,0.011037360000004243,-0.04693018000000113,0.0,-0.027898099999999666,0.0,-0.023484579999992615,0.0,-0.01699310000000464,0.0,-0.011037360000004243,0.0,0.0,0.0
0.0,0.0,0.0,0.0,0.0,0.0,0.0,0.0,0.0,0.0,0.0,0.0,0.0,0.0,0.0,0.0,0.0,0.0,0.0,0.0,0.0,0.0,0.0,0.0,0.0,0.0,0.0,0.0,0.0,0.0,0.0,0.0,0.0,0.0,0.0,0.0,0.0,0.0,0.0,0.0,0.0,0.0,0.0,0.0,0.0,0.0,0.0,0.0,0.0,0.0,0.0,0.0,0.0,0.0,0.0,0.0,0.0,0.0,0.0,0.0,0.0,0.0,0.0,0.0,0.0,0.0,0.0,0.0,0.0,0.0,0.0,0.0
0.04144147999999533,-0.04144147999999533,0.07148612000004137,0.011396840000001013,0.15757781999999357,-0.014605579999995812,0.38098722000009494,-0.06583157999995935,1.0425240399996059,-0.28054960000025175,0.0,2.0850480799992117,-0.03777255999998591,-0.04511040000001488,-0.06814896000000467,0.015397520000007058,-0.17414000000000562,0.008630919999999896,-0.5072154800002389,0.02727232000000858,-1.7703929600002128,0.19486280000000616,0.0,0.6293102399999685,-0.0432843399999973,-0.04693646000001037,-0.08511161999998108,0.02933797999998892,-0.19232397999998926,0.039362580000003616,-0.40473400000013243,0.07463068000000467,-0.5246254000002035,0.10488300000001301,0.0,0.20936967999992717,-0.058408359999988536,-0.03546456000000408,-0.08996174000001686,0.031820979999998854,-0.13917735999998962,0.03797903999999227,-0.16757297999992707,0.03847961999997977,-0.1718614399999743,0.04648147999998368,0.0,0.07501647999999306,-0.04736697999999393,-0.02356214000000709,-0.05781706000001375,0.026725060000002455,-0.06066598000000927,0.0209899400000057,-0.06532534000000718,0.020952619999989913,-0.058630639999991394,0.02094292000000824,0.0,0.03277168000003002,-0.04712428000001418,0.0,-0.040798439999978224,0.0,-0.03961700000000388,0.0,-0.03732875999999337,0.0,-0.03277168000003002,0.0,0.0,0.0
-0.837774850000274,0.837774850000274,-0.2433903000000376,-1.4321594000002196,-0.08782874000001022,-0.39895186000010147,-0.0361443100000016,-0.13951316999998134,-0.018886279999992955,-0.05340233999999088,0.0,-0.03777255999998591,1.7475802899997153,-0.07203058999998595,0.4226606700000633,0.2081811100000452,0.13474462000007323,-0.08732700000002046,0.05115836999996801,-0.06069547000001449,0.027130799999995993,-0.03161874000001695,0.0,-0.021283519999993717,-0.1368631500000478,-0.007198029999998011,0.11341070999997246,0.029225210000005792,0.06592245999999528,-0.013755040000001951,0.03228990999999753,-0.021835929999999646,0.015183699999996272,-0.013841359999999551,0.0,-0.012199640000001283,-0.019543430000003373,0.00514737000000015,0.023019459999997462,-0.003655899999999922,0.02541274000000158,-0.006883900000000858,0.015113390000002346,-0.0079597700000047,0.008977170000000997,-0.006433109999999551,0.0,-0.0064449400000018186,0.004022550000001761,0.006272189999998645,0.00921096999999938,-0.008477670000000256,0.00945002000000098,-0.004795880000000834,0.007289519999998684,-0.004309020000003705,0.004263129999999691,-0.0025503099999996566,0.0,-0.004363619999999,0.01254437999999729,0.0,0.008133419999995421,0.0,0.006675079999998475,0.0,0.004732120000000408,0.0,0.004363619999999,0.0,0.0,0.0
-0.18157853000001495,0.18157853000001495,-0.11977083999995897,-0.243386220000103,-0.06524069999999432,-0.17430098000007277,-0.03547108999998543,-0.0950103100000026,-0.02255520000000744,-0.04838697999999531,0.0,-0.04511040000001488,-0.07203058999998595,0.43518764999999204,0.10746883000002687,-0.738302450000198,0.07743283999998256,-0.2110971400000573,0.04553776999999715,-0.0806927100000154,0.03199178000000868,-0.03769020000000012,0.0,-0.02623724000001156,0.7105789899999589,0.15979630999998795,0.18505922999997274,-0.24050614999997408,0.06918224000000174,-0.12125806000000534,0.03372526999998413,-0.0567462100000091,0.01761045999999888,-0.025540319999999495,0.0,-0.017253560000000306,0.253687630000005,0.06590499000000676,0.1185299400000189,-0.09216698000001014,0.05272737999999463,-0.05818361999999327,0.023749489999993822,-0.031787150000006106,0.011959849999992228,-0.015541509999995668,0.0,-0.010587419999994914,0.09608990999998905,0.03572007000000161,0.05894696999999286,-0.05110111000000174,0.0305315800000035,-0.029004880000007217,0.015158500000006962,-0.017669640000009958,0.007487210000000216,-0.00825322999999598,0.0,-0.006200420000000878,0.07144014000000322,0.0,0.04067805999999214,0.0,0.02334635999999551,0.0,0.011353440000005571,0.0,0.006200420000000878,0.0,0.0,0.0
-0.26506474999997803,0.26506474999997803,-0.7383819800000789,0.20825248000000432,-0.21314996000000314,-1.2636139999998774,-0.07244377000001746,-0.35385614999996323,-0.034074480000002336,-0.11081306000001455,0.0,-0.06814896000000467,0.4226606700000633,0.10746883000002687,1.5954205199998766,-0.3335942200000718,0.38193739000003607,0.28167565000004713,0.11276879000001463,-0.05660630999998027,0.05024191000000352,-0.04633045000000918,0.0,-0.03581410000000038,0.19028740999998825,0.024650250000008134,-0.22971069999999605,-0.05690291999999569,0.07983105999998875,0.024098839999996423,0.05291809000001642,-0.006468589999999987,0.027889569999994097,-0.014714289999997443,0.0,-0.015849060000002548,0.037311029999999974,0.011989470000002615,-0.019007129999997673,-0.0201766499999913,0.013643349999997492,-0.0034599300000003525,0.018416810000000516,-0.004067289999999554,0.012682899999999707,-0.005277860000000803,0.0,-0.006332319999996808,0.01597450999998962,0.008004429999999039,0.00404380000000019,-0.012448079999996708,0.005972520000002328,-0.0048047800000012705,0.00687832999999719,-0.003067869999999557,0.004766620000000048,-0.0015656799999998535,0.0,-0.0031314000000003655,0.016008859999998078,0.0,0.0071215600000009175,0.0,0.004633559999999781,0.0,0.0031313800000000573,0.0,0.0031314000000003655,0.0,0.0,0.0
0.2650606700000624,-0.2650606700000624,0.10720489999995154,0.4229164399999178,0.024223580000002274,0.1901862200000302,0.011820769999998008,0.03662639000000055,0.007698760000003529,0.015942780000001246,0.0,0.015397520000007058,0.2081811100000452,-0.738302450000198,-0.3335942200000718,1.5957893199996789,-0.056243249999996386,-0.23057275000001173,-0.0198511500000022,-0.01938256999999612,-0.012095109999997833,0.004278369999999166,0.0,0.006604820000000861,-1.2631274500005703,-0.2134774500000089,0.28270184000012105,0.38262189999999824,0.024607380000008186,0.0796507999999931,-0.003843350000002021,0.0142929700000015,-0.004810570000000796,0.005680609999997805,0.0,0.0035884999999986067,-0.35422694999993726,-0.07272794999999847,-0.05646652999998604,0.11325643000002047,-0.006344389999998175,0.05271292999999522,-0.0032903700000009787,0.019187530000002152,-0.0018941600000000232,0.006674639999999764,0.0,0.0033886799999994907,-0.11142098999997672,-0.034034910000016405,-0.04665551999999779,0.05032640000000376,-0.01528628000000232,0.027401100000002496,-0.005737849999999414,0.013540349999999812,-0.002251480000000046,0.004125059999997257,0.0,0.0022744000000009855,-0.06806982000003281,0.0,-0.03548684000001448,0.0,-0.01617147999998241,0.0,-0.00526226000000138,0.0,-0.0022744000000009855,0.0,0.0,0.0
-0.10608873000002216,0.10608873000002216,-0.24027991000006954,0.028102450000005455,-0.7689773000000281,0.28841748000008804,-0.21631216000000217,-1.321642439999806,-0.08707000000000281,-0.34555431999986663,0.0,-0.17414000000000562,0.13474462000007323,0.07743283999998256,0.38193739000003607,-0.056243249999996386,1.6458961900005573,-0.30518644999996086,0.3869993000001118,0.26150820000021463,0.13764676999998396,-0.05475681000000384,0.0,-0.07298646000001262,0.11803291999996819,0.0368327600000004,0.1807857299999896,-0.057206390000028993,-0.2042996499999653,-0.04450178999999755,0.08323436000000448,0.031182740000002925,0.0615219100000009,-0.004566810000000394,0.0,-0.022929099999999713,0.05093931999998354,0.02272620000000155,0.024246809999988336,-0.03678095000001448,-0.024077980000005574,-0.0164319800000053,0.013395430000001199,0.0008140899999996595,0.0199671799999941,-0.002309940000000773,0.0,-0.00592384000000048,0.031107369999998257,0.014345029999998322,0.012187219999998918,-0.02353437999998904,0.0005304999999998728,-0.00902002000000177,0.004449730000001857,-0.0017605499999997195,0.00470923000000242,-0.0004296500000001524,0.0,-0.002429220000000054,0.028690059999996645,0.0,0.01031135999999788,0.0,0.0025826800000003057,0.0,0.0016442600000004005,0.0,0.002429220000000054,0.0,0.0,0.0
0.14921207000005207,-0.14921207000005207,0.18554569000010784,0.11287844999998194,0.07603334000000869,0.2950580399999671,0.011618619999999528,0.14044806000003696,0.004315459999999948,0.018921780000003028,0.0,0.008630919999999896,-0.08732700000002046,-0.2110971400000573,0.28167565000004713,-0.23057275000001173,-0.30518644999996086,1.4586538300001537,-0.04544547999999465,-0.28403130000002247,-0.011523449999999212,-0.041523949999976474,0.0,-0.005785060000001078,-0.2601633999998858,-0.16203088000002283,-1.162016449999691,0.18054415000003865,0.31945125000008817,0.2738235099999112,0.04134378000001421,0.029496120000002533,0.0041743700000014695,-0.0045347099999994,0.0,-0.0032213800000005914,-0.2443243800000008,-0.07973738000000809,-0.23626632999993313,0.10870586999997674,-0.009481739999999772,0.08459609999999869,0.009895270000003615,0.030133489999991332,0.004023419999999278,0.006697700000002494,0.0,0.0016040800000000149,-0.11688280999995397,-0.0425919499999916,-0.0788111199999802,0.062457239999981345,-0.023760780000009692,0.03533074000001841,-0.004188369999998539,0.01693379000000498,-0.0006788700000000966,0.005697529999999742,0.0,0.001850419999999897,-0.0851838999999832,0.0,-0.045453320000009324,0.0,-0.020245159999997448,0.0,-0.006622740000000618,0.0,-0.001850419999999897,0.0,0.0,0.0
-0.048348070000002,0.048348070000002,-0.09199658999998038,-0.0046995500000007705,-0.2420012999999379,0.058008120000002154,-0.7403173200001006,0.25631471999999766,-0.25360774000011943,-1.2270269000006684,0.0,-0.5072154800002389,0.05115836999996801,0.04553776999999715,0.11276879000001463,-0.0198511500000022,0.3869993000001118,-0.04544547999999465,1.5990128700003439,-0.3123848300000072,0.4532671699999333,0.29070476999995076,0.0,-0.10789661999999377,0.05575065000001008,0.03532488999999854,0.10880899000003248,-0.03700998999997696,0.1828571200000773,-0.0561301000000242,-0.22042176000005362,-0.03863366000002034,0.1039745900000066,0.036591430000023656,0.0,-0.007844060000002201,0.05398273000001395,0.016667049999978804,0.05506610000000079,-0.021120619999997713,0.019082210000010317,-0.021210210000001055,-0.029852270000007047,-0.009250629999997676,0.008535540000002378,0.004942780000000492,0.0,0.0013829599999998325,0.017735790000000244,0.015598310000002743,0.01873439999999714,-0.025504060000008107,0.005514859999999821,-0.010466480000000219,-0.004721030000000968,-0.002750509999999185,-0.0004679200000000763,0.0009114199999996697,0.0,0.0018300800000001485,0.031196620000005486,0.0,0.011385120000003374,0.0,0.0018372799999988641,0.0,-0.0018264600000001828,0.0,-0.0018300800000001485,0.0,0.0,0.0
0.0706940899999919,-0.0706940899999919,0.118687150000006,0.02270103000000712,0.19202954000000694,0.04534476000000106,0.07829892000002193,0.3057601599999106,0.01363616000000429,0.14296167999995496,0.0,0.02727232000000858,-0.06069547000001449,-0.0806927100000154,-0.05660630999998027,-0.01938256999999612,0.26150820000021463,-0.28403130000002247,-0.3123848300000072,1.4469215499997472,-0.048681669999996555,-0.29016462999992226,0.0,-0.042818699999983424,-0.08724012999999917,-0.07414529000000693,-0.23669935000006584,0.02345395000000213,-1.1451385799999916,0.10367727999998151,0.32331764000004887,0.28024829999995104,0.03880372999999248,0.027502290000006573,0.0,-0.008029939999999755,-0.09266193000001306,-0.0556286500000009,-0.19306199999992738,0.05464604000000649,-0.24480853000001626,0.0660390900000092,-0.007394110000002755,0.07827365000001274,0.011877300000002746,0.028339059999996228,0.0,0.007694719999999945,-0.06646813000001532,-0.044789170000006415,-0.0853933800000158,0.06174919999999696,-0.07429743999999797,0.03558886000001223,-0.022661889999998113,0.030614310000000776,-0.003918899999999918,0.01527324000000391,0.0,0.0075516400000015145,-0.08957834000001283,0.0,-0.05565828000001088,0.0,-0.040138840000017294,0.0,-0.019049059999999004,0.0,-0.0075516400000015145,0.0,0.0,0.0
-0.02956128999999761,0.02956128999999761,-0.05106517999998231,-0.008057399999997529,-0.11495010999999256,0.012819749999995949,-0.29454620000009546,0.06464597999996731,-0.8851964800001064,0.2961040799999407,0.0,-1.7703929600002128,0.027130799999995993,0.03199178000000868,0.05024191000000352,-0.012095109999997833,0.13764676999998396,-0.011523449999999212,0.4532671699999333,-0.048681669999996555,1.8434790499998053,-0.3447365499999406,0.0,0.14617218000004573,0.03112647000000908,0.032857089999993774,0.062259240000004865,-0.024196519999995055,0.14017123999998965,-0.03869965999999478,0.25506066999996596,-0.07208153000000166,-0.1288182799999178,-0.05053348000000867,0.0,0.03470780000001499,0.04230151000000611,0.023412670000007664,0.062316090000014895,-0.026106110000025173,0.07740415000002053,-0.030171290000008257,0.031021569999994916,-0.02037632999999675,-0.030959860000008,-0.008063960000003846,0.0,0.007495880000000879,0.0335398000000102,0.013285540000006233,0.033336110000012326,-0.018468730000012156,0.019420559999993953,-0.01309091999999887,0.004234430000000753,-0.006145970000001606,-0.006412259999997545,-0.0012468000000000223,0.0,0.0021672400000020495,0.026571080000012466,0.0,0.016204699999991884,0.0,0.00622756000000115,0.0,0.00016317999999988534,0.0,-0.0021672400000020495,0.0,0.0,0.0
0.03465447000000576,-0.03465447000000576,0.05871624000001149,0.010592699999997927,0.1192424099999849,-0.0018099299999988988,0.18345794000002252,0.055026880000010624,0.09743140000000308,0.269484479999932,0.0,0.19486280000000616,-0.03161874000001695,-0.03769020000000012,-0.04633045000000918,0.004278369999999166,-0.05475681000000384,-0.041523949999976474,0.29070476999995076,-0.29016462999992226,-0.3447365499999406,1.465115050000116,0.0,-0.2997475000000586,-0.03695251000000761,-0.03842788999998148,-0.07824551999999009,0.012897239999997138,-0.23914997999991117,-0.00038895999999997543,-1.1711945899994316,0.11256537000001629,0.31585593999991374,0.27198498000004423,0.0,0.03221688000000769,-0.04645824999998521,-0.030397530000005706,-0.08591183000004171,0.018789809999999622,-0.20356572999996228,0.030964149999999094,-0.24191032999993636,0.05990960999999702,-0.013231300000000258,0.07338059999999824,0.0,0.03797116000000243,-0.03177596000001446,-0.029019100000000946,-0.059395169999988416,0.033422869999985234,-0.08133162000000367,0.02446958000000155,-0.07346503000002501,0.030621009999992232,-0.02618734000001077,0.02601847999999353,0.0,0.023567640000001295,-0.05803820000000189,0.0,-0.0492306599999972,0.0,-0.04952215999999368,0.0,-0.03780229999998056,0.0,-0.023567640000001295,0.0,0.0,0.0
0.0,0.0,0.0,0.0,0.0,0.0,0.0,0.0,0.0,0.0,0.0,0.0,0.0,0.0,0.0,0.0,0.0,0.0,0.0,0.0,0.0,0.0,0.0,0.0,0.0,0.0,0.0,0.0,0.0,0.0,0.0,0.0,0.0,0.0,0.0,0.0,0.0,0.0,0.0,0.0,0.0,0.0,0.0,0.0,0.0,0.0,0.0,0.0,0.0,0.0,0.0,0.0,0.0,0.0,0.0,0.0,0.0,0.0,0.0,0.0,0.0,0.0,0.0,0.0,0.0,0.0,0.0,0.0,0.0,0.0,0.0,0.0
0.02376038000000448,-0.02376038000000448,0.04084188000002065,0.006678879999998744,0.08525542000000745,-0.003571659999999703,0.17288204000002458,-0.002371200000000295,0.31465511999998425,0.031108959999993732,0.0,0.6293102399999685,-0.021283519999993717,-0.02623724000001156,-0.03581410000000038,0.006604820000000861,-0.07298646000001262,-0.005785060000001078,-0.10789661999999377,-0.042818699999983424,0.14617218000004573,-0.2997475000000586,0.0,1.5509648400002478,-0.02431573999999852,-0.028158740000013584,-0.04570475999998896,0.010282920000003684,-0.10430548000002257,0.0013258399999996728,-0.29934665999999266,0.00509830000000134,-1.306887359999947,0.10869904000000792,0.0,0.4881549600000873,-0.03221370000002602,-0.02410377999999973,-0.05529129999998815,0.01142973999999923,-0.12354642000001806,0.01561550000000128,-0.2731028200000814,0.0362065799999999,-0.405642599999899,0.07683504000001606,0.0,0.16502471999995763,-0.027654360000000024,-0.020553199999998398,-0.04896189999999556,0.016512660000009626,-0.08249083999998492,0.015798039999997168,-0.12218182000004559,0.029613299999999496,-0.13008580000007938,0.03939224000000181,0.0,0.06987784000000064,-0.041106399999996796,0.0,-0.0491874799999995,0.0,-0.06677887999999449,0.0,-0.07433116000001913,0.0,-0.06987784000000064,0.0,0.0,0.0
-0.2868579200000887,0.2868579200000887,-0.1741589700001055,-0.39955687000000234,-0.08696528999998539,-0.2613526500001277,-0.040152920000019306,-0.13377765999996336,-0.02164216999999865,-0.058663669999980864,0.0,-0.0432843399999973,-0.1368631500000478,0.7105789899999589,0.19028740999998825,-1.2631274500005703,0.11803291999996819,-0.2601633999998858,0.05575065000001008,-0.08724012999999917,0.03112647000000908,-0.03695251000000761,0.0,-0.02431573999999852,1.5546086300001525,-0.13345064999994044,0.29443782000009705,0.2885245400000872,0.0905542899999651,-0.022005450000001724,0.03738175000000855,-0.030753430000009838,0.01794553000001151,-0.017087050000002376,0.0,-0.012740420000002927,-0.2370797999999312,-0.029821499999995796,0.04528304999997841,0.05760643000001253,0.03642459999998843,0.010130599999999716,0.01879541999999857,-0.007453080000001964,0.009732150000002283,-0.006315410000002274,0.0,-0.006016539999998076,-0.05232112000001106,-0.007321880000001226,-0.0020051799999999116,0.012575800000003304,0.010566449999997061,0.005684389999999997,0.007956599999997795,-0.0017298599999996498,0.004819860000000954,-0.0015374799999997766,0.0,-0.0023933600000007565,-0.014643760000002452,0.0,-0.00413592000000132,0.0,0.003096940000000402,0.0,0.0027341599999999326,0.0,0.0023933600000007565,0.0,0.0,0.0
-0.07629913999994278,0.07629913999994278,-0.06538271000000735,-0.08721557000001695,-0.04351611000000999,-0.08724931000002743,-0.030789260000011136,-0.05624295999999663,-0.023468230000005186,-0.03811028999999745,0.0,-0.04693646000001037,-0.007198029999998011,0.15979630999998795,0.024650250000008134,-0.2134774500000089,0.0368327600000004,-0.16203088000002283,0.03532488999999854,-0.07414529000000693,0.032857089999993774,-0.03842788999998148,0.0,-0.028158740000013584,-0.13345064999994044,0.45304327000019473,0.07568064000000473,-0.7695368400000115,0.04781018999999217,-0.22051066999997626,0.03006879000000754,-0.08273899000001626,0.0172753900000018,-0.03399359000000508,0.0,-0.021766699999997807,0.7444550599994929,0.16163148000002897,0.19177682999999593,-0.24194038999987774,0.06903015999998349,-0.12649784000001285,0.028703559999997803,-0.05612122000001394,0.014187550000000089,-0.024767609999995832,0.0,-0.015158300000004917,0.2445009400000255,0.07876201999999442,0.11989911999997177,-0.11477802000004313,0.050496710000005295,-0.06369414999998367,0.02236039999999618,-0.03360942000000349,0.010154560000003003,-0.014968980000001767,0.0,-0.010007479999998067,0.15752403999998885,0.0,0.08549203999997997,0.0,0.04359577999998709,0.0,0.019972719999993897,0.0,0.010007479999998067,0.0,0.0,0.0
-0.14923497000009212,0.14923497000009212,-0.21155480000007723,-0.08691513999994799,-0.16220494000004398,-0.26090466000013773,-0.07967896999997891,-0.24473091000003414,-0.04255580999999054,-0.11680212999999764,0.0,-0.08511161999998108,0.11341070999997246,0.18505922999997274,-0.22971069999999605,0.28270184000012105,0.1807857299999896,-1.162016449999691,0.10880899000003248,-0.23669935000006584,0.062259240000004865,-0.07824551999999009,0.0,-0.04570475999998896,0.29443782000009705,0.07568064000000473,1.4585568000000089,-0.3042774799999662,0.2739325400000701,0.3191481600000683,0.0843480099999968,-0.009881630000002903,0.03514542999998829,-0.02294045000000662,0.0,-0.02111866000000117,0.1398857200000008,0.011475559999995071,-0.2836555099999179,-0.04512801000000707,0.029643299999991213,0.04134200000000675,0.029701420000011223,0.009821920000000114,0.017493309999997056,-0.003971370000001388,0.0,-0.0072507000000009356,0.018603079999992264,0.004348040000000109,-0.04145511000000441,-0.011594750000002324,-0.0044238199999983045,0.004197599999997942,0.006992989999999372,0.0038032099999986335,0.006379150000000963,-0.0003359099999998908,0.0,-0.0017430999999998955,0.008696080000000219,0.0,-0.005797340000000842,0.0,-0.0031994799999990192,0.0,0.0012074600000000712,0.0,0.0017430999999998955,0.0,0.0,0.0
0.10564047000003923,-0.10564047000003923,0.07764666000000822,0.13363428000001745,0.03672151999998756,0.11857180000001662,0.02301466999999727,0.05042836999999119,0.01466898999999446,0.03136035000000423,0.0,0.02933797999998892,0.029225210000005792,-0.24050614999997408,-0.05690291999999569,0.38262189999999824,-0.057206390000028993,0.18054415000003865,-0.03700998999997696,0.02345395000000213,-0.024196519999995055,0.012897239999997138,0.0,0.010282920000003684,0.2885245400000872,-0.7695368400000115,-0.3042774799999662,1.6465703600000776,-0.04360920000003185,-0.20385745999999058,-0.01727120999999935,-0.02303929000000335,-0.008875510000001884,0.00012757000000019806,0.0,0.0028148199999996114,-1.3224992199999697,-0.21657445999998573,0.2612885500000327,0.3868537299999329,0.03051712000000585,0.08434505999998354,0.0013086800000001331,0.013646980000002805,-0.0018173299999997075,0.004689829999998339,0.0,0.0019949800000002554,-0.3460872999998114,-0.08706162000005842,-0.05586628999998933,0.13739915000011843,-0.00501583999999924,0.061973379999993396,-0.0025554900000002655,0.019817769999997816,-0.0012423900000005333,0.005511070000000892,0.0,0.0015051800000002893,-0.17412324000011684,0.0,-0.07344818000000891,0.0,-0.022949600000002568,0.0,-0.006263660000002477,0.0,-0.0015051800000002893,0.0,0.0,0.0
-0.06755234999996591,0.06755234999996591,-0.1214014600000113,-0.013703239999999598,-0.2205476599999101,-0.022255259999989195,-0.16425423999998123,-0.27684107999992147,-0.09616198999999463,-0.2323464900000607,0.0,-0.19232397999998926,0.06592245999999528,0.06918224000000174,0.07983105999998875,0.024607380000008186,-0.2042996499999653,0.31945125000008817,0.1828571200000773,-1.1451385799999916,0.14017123999998965,-0.23914997999991117,0.0,-0.10430548000002257,0.0905542899999651,0.04781018999999217,0.2739325400000701,-0.04360920000003185,1.4503548199997893,-0.2635872399999822,0.2813285699998595,0.32910391000005257,0.08768859999998659,-0.0033314200000002245,0.0,-0.03323375999997113,0.06784982999999867,0.02777054999999995,0.10414229999998449,-0.05566103999998458,-0.2894928100000622,-0.029397070000003342,0.025926449999998095,0.05329575000000007,0.031417139999972615,0.013772920000000858,0.0,-0.0036332399999993584,0.036009389999994236,0.01953170999999615,-0.0012359599999997532,-0.03806733999999717,-0.051575899999997704,-0.00969015999999986,-0.008149849999997471,0.011589549999996769,0.004893859999998224,0.0063522799999993,0.0,0.0025212399999998297,0.0390634199999923,0.0,0.0019921600000001928,0.0,-0.015395999999993887,0.0,-0.00761289999999993,0.0,-0.0025212399999998297,0.0,0.0,0.0
0.06750655000003611,-0.06750655000003611,0.06938324000001131,0.06562986000000752,0.048204459999997715,0.09056201999999702,0.028133540000004616,0.06827537999994786,0.019681290000001808,0.03658578999999999,0.0,0.039362580000003616,-0.013755040000001951,-0.12125806000000534,0.024098839999996423,0.0796507999999931,-0.04450178999999755,0.2738235099999112,-0.0561301000000242,0.10367727999998151,-0.03869965999999478,-0.00038895999999997543,0.0,0.0013258399999996728,-0.022005450000001724,-0.22051066999997626,0.3191481600000683,-0.20385745999999058,-0.2635872399999822,1.4495305799999876,-0.029944989999999897,-0.28987493000004766,-0.00904900000000237,-0.051618899999995006,0.0,-0.015446320000001564,-0.27672715000005244,-0.1642941900000637,-1.1439859799997723,0.18281676000001038,0.3298159299999437,0.2812732700000609,0.05326692999999914,0.026615069999997902,0.011616320000001745,-0.008320260000003434,0.0,-0.007660000000000135,-0.23256885000001348,-0.09601953000001943,-0.23929650000000485,0.1397923200000302,-0.004793300000000631,0.0887468399999831,0.01375908999999797,0.029884449999989845,0.0065067000000000345,0.004370960000000931,0.0,-0.002306600000001164,-0.19203906000003887,0.0,-0.10449348000001407,0.0,-0.03149327999999461,0.0,-0.003217659999999647,0.0,0.002306600000001164,0.0,0.0,0.0
-0.033007590000008295,0.033007590000008295,-0.05826264000000344,-0.007752540000004678,-0.12589626000008777,0.00937097999999817,-0.22000609999998855,-0.03178641999998459,-0.20236700000006622,-0.23764519999998665,0.0,-0.40473400000013243,0.03228990999999753,0.03372526999998413,0.05291809000001642,-0.003843350000002021,0.08323436000000448,0.04134378000001421,-0.22042176000005362,0.32331764000004887,0.25506066999996596,-1.1711945899994316,0.0,-0.29934665999999266,0.03738175000000855,0.03006879000000754,0.0843480099999968,-0.01727120999999935,0.2813285699998595,-0.029944989999999897,1.4721451899998086,-0.26285276999995844,0.2873408400000444,0.3145603600001319,0.0,-0.02401163999999349,0.039948799999989654,0.020188780000005926,0.06640380000000472,-0.02104861999999741,0.11383204000003806,-0.04091442000000911,-0.2726924199999954,-0.02534904000000954,0.03319071999999032,0.05054516000001043,0.0,0.018358160000006757,0.021518640000005612,0.018858920000009303,0.03099168999999735,-0.03005165000000522,-0.001331119999999555,-0.018514339999994398,-0.05097230999999427,-0.00238801000000095,-0.01207751000000208,0.011223210000000185,0.0,0.012561300000000579,0.037717840000018606,0.0,0.015332380000002636,0.0,-0.006363919999998028,0.0,-0.017503860000000135,0.0,-0.012561300000000579,0.0,0.0,0.0
0.03929106999999917,-0.03929106999999917,0.05283401999999255,0.025748119999995246,0.06886001999990564,0.03680801999999966,0.04809546000002324,0.08962457999997764,0.037315340000002334,0.05887557999998501,0.0,0.07463068000000467,-0.021835929999999646,-0.0567462100000091,-0.006468589999999987,0.0142929700000015,0.031182740000002925,0.029496120000002533,-0.03863366000002034,0.28024829999995104,-0.07208153000000166,0.11256537000001629,0.0,0.00509830000000134,-0.030753430000009838,-0.08273899000001626,-0.009881630000002903,-0.02303929000000335,0.32910391000005257,-0.28987493000004766,-0.26285276999995844,1.4815571900001423,-0.03435617999999684,-0.2662186199999056,0.0,-0.05851575999997844,-0.08957300000000033,-0.0759049800000142,-0.24424319999991184,0.019018619999999355,-1.1824347199996736,0.11419846000000466,0.3097571000000596,0.2884878400000412,0.053398159999979725,0.033678800000005796,0.0,-0.01023520000000003,-0.08243612000001577,-0.06937384000000743,-0.20425036999996377,0.0774153699999692,-0.2504155600000963,0.07031173999999153,-0.010651169999997892,0.08679573000000408,0.014027429999996632,0.03202782999998587,0.0,0.007584460000000662,-0.13874768000001486,0.0,-0.12266462000001269,0.0,-0.1047057600000173,0.0,-0.03582006000000931,0.0,-0.007584460000000662,0.0,0.0,0.0
