x1,x2,x3,x4,x5,x6,x7,x8,x9,x10,x11,x12,x13,x14,x15,x16,x17,x18,x19,x20,x21,x22,x23,x24,x25,x26,x27,x28,x29,x30,x31,x32,x33,x34,x35,x36,x37,x38,x39,x40,x41,x42,x43,x44,x45,x46,x47,x48,x49,x50,x51,x52,x53,x54,x55,x56,x57,x58,x59,x60,x61,x62,x63,x64,x65,x66,x67,x68,x69,x70,x71,x72
4.999063554003911e-5,4.999063554003911e-5,3.8549846703272775e-5,8.900009981713052e-5,4.844463840110362e-5,7.782402979893389e-5,4.688618461968448e-5,9.09590607144491e-5,5.154423862954893e-5,8.733106556145491e-5,0.0,0.00010308847725909786,8.900025160798097e-5,3.854967819957868e-5,7.873888966114927e-5,7.876844529526906e-5,9.24432095890163e-5,8.761493227998674e-5,8.98291512927071e-5,8.484409954954283e-5,9.695774489617872e-5,8.652480830357858e-5,0.0,8.880891690758955e-5,7.780777080646833e-5,4.847913608816167e-5,8.760378310344732e-5,9.24747668096293e-5,8.497094781334081e-5,8.493422766592322e-5,8.672920595300869e-5,8.707009758806605e-5,8.691084071166023e-5,8.591059761167434e-5,0.0,9.273774290193106e-5,9.099940613446897e-5,4.6884124470070156e-5,8.478079198897851e-5,8.981661438644728e-5,8.707559118333112e-5,8.677385562418139e-5,8.60996171045145e-5,8.603960210215261e-5,8.963910353916796e-5,8.642147629431581e-5,0.0,9.110217137805183e-5,8.733194670132403e-5,5.151615233876645e-5,8.654077543521763e-5,9.688418403592156e-5,8.587474455795653e-5,8.690809540595868e-5,8.640212954929466e-5,8.959282184712396e-5,8.774600504175531e-5,8.774358999843913e-5,0.0,9.795137517448361e-5,0.0001030323046775329,0.0,8.880191933405188e-5,0.0,9.272800477124848e-5,0.0,9.110726875452827e-5,0.0,9.795137517448361e-5,0.0,0.0,0.0
4.999063554003911e-5,4.999063554003911e-5,3.8549846703272775e-5,8.900009981713052e-5,4.844463840110362e-5,7.782402979893389e-5,4.688618461968448e-5,9.09590607144491e-5,5.154423862954893e-5,8.733106556145491e-5,0.0,0.00010308847725909786,8.900025160798097e-5,3.854967819957868e-5,7.873888966114927e-5,7.876844529526906e-5,9.24432095890163e-5,8.761493227998674e-5,8.98291512927071e-5,8.484409954954283e-5,9.695774489617872e-5,8.652480830357858e-5,0.0,8.880891690758955e-5,7.780777080646833e-5,4.847913608816167e-5,8.760378310344732e-5,9.24747668096293e-5,8.497094781334081e-5,8.493422766592322e-5,8.672920595300869e-5,8.707009758806605e-5,8.691084071166023e-5,8.591059761167434e-5,0.0,9.273774290193106e-5,9.099940613446897e-5,4.6884124470070156e-5,8.478079198897851e-5,8.981661438644728e-5,8.707559118333112e-5,8.677385562418139e-5,8.60996171045145e-5,8.603960210215261e-5,8.963910353916796e-5,8.642147629431581e-5,0.0,9.110217137805183e-5,8.733194670132403e-5,5.151615233876645e-5,8.654077543521763e-5,9.688418403592156e-5,8.587474455795653e-5,8.690809540595868e-5,8.640212954929466e-5,8.959282184712396e-5,8.774600504175531e-5,8.774358999843913e-5,0.0,9.795137517448361e-5,0.0001030323046775329,0.0,8.880191933405188e-5,0.0,9.272800477124848e-5,0.0,9.110726875452827e-5,0.0,9.795137517448361e-5,0.0,0.0,0.0
3.8549846703272775e-5,3.8549846703272775e-5,4.9580398617224355e-5,6.558557756413369e-5,3.6633121469627664e-5,8.699331653676903e-5,4.415445196154581e-5,7.3124027401697e-5,4.732840118807166e-5,8.167058025926874e-5,0.0,9.465680237614332e-5,7.52085784682925e-5,4.509596078577996e-5,8.939906261273984e-5,8.673445318551274e-5,7.395327716332066e-5,7.046067498166644e-5,8.434674294498358e-5,8.09106937908321e-5,8.915582848812715e-5,7.898213908211102e-5,0.0,8.235952571628221e-5,8.460608313394222e-5,4.315282297779556e-5,7.010838833635302e-5,8.299299025089786e-5,8.092745220622256e-5,8.044684036548047e-5,7.917927955277754e-5,7.949509749979509e-5,8.053520014980697e-5,7.962255795138298e-5,0.0,8.550694494240871e-5,8.190151199211368e-5,4.375619069190594e-5,8.024123190823118e-5,8.364151993210965e-5,7.948279788570111e-5,7.969167748571954e-5,7.982003949906872e-5,7.975781136537513e-5,8.269731784567267e-5,7.97722989610272e-5,0.0,8.427870085803878e-5,8.12196048888444e-5,4.7522070972646336e-5,7.95023976467512e-5,8.940203504209203e-5,7.95772747858136e-5,8.046820978145434e-5,7.975649773532867e-5,8.269100419045141e-5,8.114732129939299e-5,8.116985255172154e-5,0.0,9.05037228852538e-5,9.504414194529267e-5,0.0,8.225837097138019e-5,0.0,8.5530214680291e-5,0.0,8.430462408224775e-5,0.0,9.05037228852538e-5,0.0,0.0,0.0
8.900009981713052e-5,8.900009981713052e-5,6.558557756413369e-5,0.00016218164896602766,9.18034771946067e-5,0.00013879753068254505,8.674433559902404e-5,0.0001713780331327575,9.556429129855649e-5,0.00016162557899813932,0.0,0.00019112858259711299,0.00016130303837840268,7.52081680118811e-5,0.00013789932790225974,0.0001508845243072988,0.00017412794010775913,0.00016504490760899836,0.00016616997718733672,0.00015704225921395573,0.00017969430960929365,0.00016051317455173923,0.0,0.00016443710468143434,0.0001490922238033906,9.013067194211263e-5,0.0001650161587744897,0.0001716110202947356,0.00015727020079937581,0.00015751342756377529,0.0001608892813089752,0.0001615038098747524,0.00016092006418404095,0.0001590568954376696,0.0,0.0001717721651598925,0.0001689997098197889,8.699424509587312e-5,0.0001572625622313563,0.00016652141665242273,0.00016151732930543567,0.00016079546201741056,0.00015942992474280845,0.00015933562528218533,0.00016602212596864057,0.00016007310227927847,0.0,0.000168715313369447,0.00016192993637490679,9.544275112094352e-5,0.0001603586754373255,0.00017946299227522366,0.00015903457676441334,0.00016095956659321371,0.00016001966619395941,0.00016590202758060167,0.00016249125862676403,0.00016248560420874654,0.0,0.0001813322714719852,0.00019088550224188704,0.0,0.00016448822877390272,0.0,0.0001717151657645945,0.0,0.0001687191896837328,0.0,0.0001813322714719852,0.0,0.0,0.0
4.844463840110362e-5,4.844463840110362e-5,3.6633121469627664e-5,9.18034771946067e-5,4.977605153782848e-5,6.595112154714245e-5,3.67962237466645e-5,8.791993145450985e-5,4.88212289935974e-5,7.344063711953449e-5,0.0,9.76424579871948e-5,9.007208338560911e-5,4.312147874586846e-5,7.378057874505962e-5,8.296934042500581e-5,9.000812297710056e-5,8.469856895971519e-5,7.465900457227704e-5,7.152967642062653e-5,9.192377987555982e-5,8.28003323974697e-5,0.0,8.241461279123415e-5,8.224894255249522e-5,4.549444803930547e-5,8.416593755928794e-5,8.680709403638424e-5,7.122721493516597e-5,7.97603570953295e-5,8.289365226536213e-5,8.292721172947396e-5,8.107975456406825e-5,8.03161089090498e-5,0.0,8.760059976708028e-5,8.558577873853706e-5,4.4303602932507766e-5,7.954705553508471e-5,8.482746778342343e-5,8.279667167089636e-5,8.186780800366118e-5,8.047282657072948e-5,8.086095758313657e-5,8.461729312654115e-5,8.154654392671566e-5,0.0,8.576255143369974e-5,8.244229107826946e-5,4.8546846606379354e-5,8.162747696316162e-5,9.13217950798227e-5,8.069134538668604e-5,8.187541810721424e-5,8.151832805859639e-5,8.447080249294899e-5,8.264441751566626e-5,8.267698191515261e-5,0.0,9.22666959845842e-5,9.709369321275871e-5,0.0,8.364666479981344e-5,0.0,8.74354271187062e-5,0.0,8.583064161348556e-5,0.0,9.22666959845842e-5,0.0,0.0,0.0
7.782402979893389e-5,7.782402979893389e-5,8.699331653676903e-5,0.00013879753068254505,6.595112154714245e-5,0.00015633613040838296,8.477400767787534e-5,0.00013522416937312686,8.950458352893279e-5,0.0001560794505147865,0.0,0.00017900916705786558,0.00014910031440722876,8.46186383446997e-5,0.00016015578305681109,0.00016285337295382176,0.00013507156456763934,0.0001377265810219504,0.0001612468742027058,0.00015477570470509772,0.00016855154500696926,0.00014941063404181723,0.0,0.00015596381463578977,0.00015896926330613334,8.229977731910522e-5,0.0001371543261148247,0.00015776968444969767,0.0001548067404013826,0.00015199472963360356,0.00014977668934669332,0.00015051786114332106,0.00015238417128454225,0.0001506657285303512,0.0,0.00016164473799139137,0.00015571453208213364,8.273884438166423e-5,0.0001516872333250559,0.00015809607760221424,0.00015052677240110673,0.00015078467467635086,0.0001510327173213313,0.00015079972178121156,0.00015632393136101133,0.00015079010033286006,0.0,0.0001593170441643958,0.00015355727958839564,8.989358790073363e-5,0.00015044873680355309,0.00016907125721897048,0.00015047540918230925,0.00015209671911347165,0.00015077035391468396,0.00015631160597578871,0.0001533796776991647,0.000153404816310226,0.0,0.0001710606778975805,0.00017978717580146726,0.0,0.00015550566364779333,0.0,0.00016171088044115333,0.0,0.00015932702702363614,0.0,0.0001710606778975805,0.0,0.0,0.0
4.688618461968448e-5,4.688618461968448e-5,4.415445196154581e-5,8.674433559902404e-5,3.67962237466645e-5,8.477400767787534e-5,4.960951619048951e-5,6.515197566152402e-5,3.92690458365403e-5,8.42697131452879e-5,0.0,7.85380916730806e-5,8.698400004721133e-5,4.375296032138862e-5,8.471388772595462e-5,8.401074969634604e-5,7.349271493401716e-5,7.817837257075784e-5,8.930931830912845e-5,8.319401216718012e-5,7.791810201339161e-5,7.079193663565703e-5,0.0,8.437924669995941e-5,8.271365847655774e-5,4.429852857949378e-5,7.827951698032705e-5,8.452196295108053e-5,8.27896606766826e-5,8.019725122213732e-5,7.048004830661065e-5,7.913277911138018e-5,8.195397967905834e-5,8.0711866349519e-5,0.0,8.457604428051114e-5,8.346798218324968e-5,4.376733891233926e-5,8.005871403856726e-5,8.367396777892236e-5,7.905221711968568e-5,8.007915049251292e-5,8.08059924755314e-5,8.011054362409179e-5,8.21208500386971e-5,7.969102651703155e-5,0.0,8.471870145331278e-5,8.135625158706415e-5,4.770368636985938e-5,7.987112804565917e-5,8.974189346939947e-5,7.990512270748293e-5,8.065553734787355e-5,7.969261030141946e-5,8.288444297440836e-5,8.150474459969307e-5,8.140317814532097e-5,0.0,9.063613850124673e-5,9.540737273971876e-5,0.0,8.243370239264008e-5,0.0,8.572666998405581e-5,0.0,8.455874308319831e-5,0.0,9.063613850124673e-5,0.0,0.0,0.0
9.09590607144491e-5,9.09590607144491e-5,7.3124027401697e-5,0.0001713780331327575,8.791993145450985e-5,0.00013522416937312686,6.515197566152402e-5,0.00015903573647252549,9.360421622612843e-5,0.00013517447354550446,0.0,0.00018720843245225685,0.0001689254064352848,8.183860199757071e-5,0.00014496282889488694,0.00015724846397620272,0.00016205284283378325,0.00015820018038770547,0.00013481555186576496,0.0001387746916341338,0.00017545810805019252,0.00015795702793570723,0.0,0.00015501794481449492,0.00015562005468133732,8.559486881680823e-5,0.00015707610054887768,0.00016327849387346664,0.0001383123000876759,0.00015060166848897575,0.0001581702085895195,0.0001560848019193422,0.00015249621997382768,0.00015126246963639508,0.0,0.00016515691763348243,0.00016097186832844958,8.347722780016321e-5,0.00015023105129440974,0.00015972217072117748,0.00015594220519581236,0.00015401973832518393,0.00015160228002755245,0.00015222894360336688,0.00015944352395064798,0.00015351822916096655,0.0,0.00016133320793776322,0.000155221103283471,9.137312942675826e-5,0.00015358964036356776,0.00017183676667235014,0.00015192877086523063,0.00015409196751015833,0.00015346438253786444,0.00015894038889708838,0.00015546638471805957,0.00015555582599372447,0.0,0.00017363102875391902,0.00018274625885351652,0.0,0.0001574637709436675,0.0,0.00016452588500855112,0.0,0.00016150915054205178,0.0,0.00017363102875391902,0.0,0.0,0.0
5.154423862954893e-5,5.154423862954893e-5,4.732840118807166e-5,9.556429129855649e-5,4.88212289935974e-5,8.950458352893279e-5,3.92690458365403e-5,9.360421622612843e-5,4.995477244478109e-5,7.082266625175083e-5,0.0,9.990954488956218e-5,9.54773196913503e-5,4.754467007073819e-5,9.080016398967355e-5,9.108996308009092e-5,9.353564154101716e-5,8.756160257074773e-5,7.957729453459124e-5,8.519822547444161e-5,9.107648434642728e-5,9.074791956455335e-5,0.0,7.28218649006549e-5,8.993674079969824e-5,4.859161188330705e-5,8.740187301619113e-5,9.270454354160253e-5,8.526159211207742e-5,8.665683379476971e-5,9.00529413967645e-5,8.842158521642931e-5,7.665214369438187e-5,8.554267218148974e-5,0.0,9.521085932492863e-5,9.143971589139323e-5,4.772795077565981e-5,8.652829241475206e-5,9.124033508441781e-5,8.833061549758571e-5,8.767339994646437e-5,8.561164999126783e-5,8.691208818482106e-5,9.161654434399845e-5,8.76635908282328e-5,0.0,9.159332837726521e-5,8.868703570235326e-5,5.2075589204747904e-5,8.747409070944978e-5,9.793143736214839e-5,8.672749086879e-5,8.795755302084061e-5,8.760162142689715e-5,9.062170518914804e-5,8.840468199303208e-5,8.868494327616802e-5,0.0,9.911299380352104e-5,0.00010415117840949581,0.0,8.98870758175849e-5,0.0,9.375912073600229e-5,0.0,9.205197713208727e-5,0.0,9.911299380352104e-5,0.0,0.0,0.0
8.733106556145491e-5,8.733106556145491e-5,8.167058025926874e-5,0.00016162557899813932,7.344063711953449e-5,0.0001560794505147865,8.42697131452879e-5,0.00013517447354550446,7.082266625175083e-5,0.00014818699964513023,0.0,0.00014164533250350165,0.00016190913736708433,8.119447313452397e-5,0.00015660720705830243,0.0001557703890998175,0.00014418102762559133,0.00014643083376413867,0.00015555483633991211,0.00015275521599557876,0.00014190487355775867,0.0001370833109401581,0.0,0.00016067322671866387,0.00015347414594564914,8.245456219006529e-5,0.00014647316661699775,0.00015726207181581453,0.00015185709471881998,0.00014871550464193742,0.00013648917896838146,0.00014780307804399545,0.00015495052762389133,0.00014987310983166074,0.0,0.00015746978777255038,0.00015524077870092832,8.134839899984021e-5,0.00014842340925698451,0.00015550296384080355,0.00014770143273673748,0.00014879393251231797,0.00015012582074518387,0.00014871808801075428,0.00015281027445300397,0.0001481708159793157,0.0,0.00015741265064661436,0.00015115708054586904,8.861848156013199e-5,0.00014840258167485803,0.0001666872107525524,0.00014834784335004573,0.0001498266579168298,0.00014818305586595398,0.00015398755640208653,0.00015141837188734607,0.00015115394803088487,0.0,0.00016837564090546708,0.00017723696312026398,0.0,0.00015316465125769392,0.0,0.000159307794532567,0.0,0.000157031301949922,0.0,0.00016837564090546708,0.0,0.0,0.0
0.0,0.0,0.0,0.0,0.0,0.0,0.0,0.0,0.0,0.0,0.0,0.0,0.0,0.0,0.0,0.0,0.0,0.0,0.0,0.0,0.0,0.0,0.0,0.0,0.0,0.0,0.0,0.0,0.0,0.0,0.0,0.0,0.0,0.0,0.0,0.0,0.0,0.0,0.0,0.0,0.0,0.0,0.0,0.0,0.0,0.0,0.0,0.0,0.0,0.0,0.0,0.0,0.0,0.0,0.0,0.0,0.0,0.0,0.0,0.0,0.0,0.0,0.0,0.0,0.0,0.0,0.0,0.0,0.0,0.0,0.0,0.0
0.00010308847725909786,0.00010308847725909786,9.465680237614332e-5,0.00019112858259711299,9.76424579871948e-5,0.00017900916705786558,7.85380916730806e-5,0.00018720843245225685,9.990954488956218e-5,0.00014164533250350165,0.0,0.00019981908977912435,0.0001909546393827006,9.508934014147638e-5,0.0001816003279793471,0.00018217992616018184,0.00018707128308203432,0.00017512320514149546,0.00015915458906918249,0.00017039645094888323,0.00018215296869285457,0.0001814958391291067,0.0,0.0001456437298013098,0.00017987348159939647,9.71832237666141e-5,0.00017480374603238226,0.00018540908708320505,0.00017052318422415485,0.00017331366758953942,0.000180105882793529,0.00017684317043285862,0.00015330428738876374,0.00017108534436297948,0.0,0.00019042171864985726,0.00018287943178278647,9.545590155131961e-5,0.00017305658482950412,0.00018248067016883563,0.00017666123099517142,0.00017534679989292875,0.00017122329998253566,0.0001738241763696421,0.0001832330886879969,0.0001753271816564656,0.0,0.00018318665675453043,0.00017737407140470653,0.00010415117840949581,0.00017494818141889956,0.00019586287472429678,0.00017345498173758,0.00017591510604168123,0.0001752032428537943,0.00018124341037829608,0.00017680936398606416,0.00017736988655233605,0.0,0.00019822598760704208,0.00020830235681899162,0.0,0.0001797741516351698,0.0,0.00018751824147200457,0.0,0.00018410395426417454,0.0,0.00019822598760704208,0.0,0.0,0.0
8.900025160798097e-5,8.900025160798097e-5,7.52085784682925e-5,0.00016130303837840268,9.007208338560911e-5,0.00014910031440722876,8.698400004721133e-5,0.0001689254064352848,9.54773196913503e-5,0.00016190913736708433,0.0,0.0001909546393827006,0.0001621949865535689,6.557432793435679e-5,0.00015083714366118618,0.00013792130272230276,0.00017154573491671366,0.00016503659540563704,0.00016651630847782942,0.00015739266738619333,0.0001795635935242771,0.00016031872694673683,0.0,0.0001644675748838315,0.00013879989508055562,9.185071729707918e-5,0.0001650338834328832,0.00017416066454388444,0.00015759153892592442,0.00015720490080106282,0.00016071185636229543,0.00016145382956832556,0.00016094112716000096,0.00015909125312419292,0.0,0.00017171355678216328,0.00017143113059566272,8.673750066190207e-5,0.00015692013029207144,0.00016614378176693623,0.0001614501464450655,0.0001609398011004203,0.00015944749107048815,0.00015933550820333454,0.00016597194847211853,0.00016005186817763002,0.0,0.000168713156903103,0.00016162818613149954,9.550325014119825e-5,0.00016050618909517567,0.0001795519972413864,0.00015901272157944766,0.00016092555376425255,0.00016001451710729556,0.00016589989209981438,0.0001624887092118972,0.0001624813322304366,0.0,0.00018135595252752486,0.0001910065002823965,0.0,0.00016442832342734937,0.0,0.00017172057165006842,0.0,0.00016869787062976952,0.0,0.00018135595252752486,0.0,0.0,0.0
3.854967819957868e-5,3.854967819957868e-5,4.509596078577996e-5,7.52081680118811e-5,4.312147874586846e-5,8.46186383446997e-5,4.375296032138862e-5,8.183860199757071e-5,4.754467007073819e-5,8.119447313452397e-5,0.0,9.508934014147638e-5,6.557432793435679e-5,4.957815665648752e-5,8.671597016113677e-5,8.941149536376425e-5,8.295026715868882e-5,7.008048818287792e-5,8.365177155928044e-5,8.028626426724662e-5,8.945783330788752e-5,7.946730114574142e-5,0.0,8.221599929427933e-5,8.697351186050778e-5,3.6641704470859614e-5,7.042306982454429e-5,7.39649530036351e-5,8.048349421751444e-5,8.090824861725248e-5,7.966385770905343e-5,7.947900124989976e-5,8.041085984899373e-5,7.956323889742372e-5,0.0,8.557640340617302e-5,7.314736097329051e-5,4.4150087683088135e-5,8.08721323982358e-5,8.431814602488297e-5,7.94879783185069e-5,7.915550218584324e-5,7.977189969463476e-5,7.978096599188602e-5,8.274435441977747e-5,7.97668852237835e-5,0.0,8.426727678281388e-5,8.166442713108965e-5,4.7290397422232875e-5,7.897646680910446e-5,8.909077250162134e-5,7.962905932911931e-5,8.052661941369294e-5,7.973722758137887e-5,8.264321331193264e-5,8.115006828529255e-5,8.115204376846194e-5,0.0,9.045162259319976e-5,9.458079484446575e-5,0.0,8.234528658130204e-5,0.0,8.546843597364075e-5,0.0,8.429336785925201e-5,0.0,9.045162259319976e-5,0.0,0.0,0.0
7.873888966114927e-5,7.873888966114927e-5,8.939906261273984e-5,0.00013789932790225974,7.378057874505962e-5,0.00016015578305681109,8.471388772595462e-5,0.00014496282889488694,9.080016398967355e-5,0.00015660720705830243,0.0,0.0001816003279793471,0.00015083714366118618,8.671597016113677e-5,0.00016390012541867886,0.000167266721267572,0.0001464977604463976,0.00012861446010218423,0.0001616110650951952,0.00015627378923202084,0.00017091846213011918,0.00015158390423704177,0.0,0.00015774862963369933,0.00016278592439444576,8.301633104800473e-5,0.0001290959159296561,0.0001593136699431548,0.00015633135406242383,0.00015527145874314857,0.0001519507778473287,0.00015241167968939326,0.00015420674841463836,0.0001525437787305751,0.0,0.00016373853041085274,0.000157319786479318,8.399119178001658e-5,0.00015496425597616542,0.0001603999338691209,0.0001524204288221086,0.00015253326988369961,0.00015292273063527233,0.00015276036889491046,0.00015834711582856433,0.00015272687869255386,0.0,0.000161338888299011,0.00015576993128638898,9.103859222268793e-5,0.00015219295091578356,0.00017122317350822244,0.00015242705180600202,0.0001540947071715519,0.00015268526588679907,0.00015830379348707424,0.00015534280683281653,0.00015536806727185827,0.0,0.00017323993720636563,0.00018207718444537585,0.0,0.000157553064972031,0.0,0.00016375170218760714,0.0,0.0001613755526864004,0.0,0.00017323993720636563,0.0,0.0,0.0
7.876844529526906e-5,7.876844529526906e-5,8.673445318551274e-5,0.0001508845243072988,8.296934042500581e-5,0.00016285337295382176,8.401074969634604e-5,0.00015724846397620272,9.108996308009092e-5,0.0001557703890998175,0.0,0.00018217992616018184,0.00013792130272230276,8.941149536376425e-5,0.000167266721267572,0.00016390922466534672,0.00015926511269560511,0.00012911023947100974,0.000160467928496576,0.0001551086055007767,0.00017136100804096552,0.00015217262068801155,0.0,0.0001575466445585435,0.00016014740399718507,7.382713144854057e-5,0.00012859236782160495,0.0001465616362872729,0.00015538583400667814,0.0001563467394768521,0.00015252858361359373,0.0001524502556329097,0.00015403976668839134,0.00015247645732804988,0.0,0.00016389659635046425,0.00014503954146819167,8.473290638639228e-5,0.00015623128705220064,0.0001616118076497315,0.00015244384021497113,0.00015195739008375356,0.00015286013433321377,0.00015286785182190568,0.00015846155171742588,0.00015274843542600888,0.0,0.0001613857435737972,0.00015665867666777246,9.076580320471224e-5,0.00015164555929700143,0.00017087661287192835,0.0001525563152714106,0.00015421615166714948,0.00015270652868824272,0.00015829809013302606,0.00015539387552243014,0.00015538889239664382,0.0,0.00017323173546184635,0.00018153160640942449,0.0,0.00015773000948034592,0.0,0.00016374544726669574,0.0,0.0001614139292214417,0.0,0.00017323173546184635,0.0,0.0,0.0
9.24432095890163e-5,9.24432095890163e-5,7.395327716332066e-5,0.00017412794010775913,9.000812297710056e-5,0.00013507156456763934,7.349271493401716e-5,0.00016205284283378325,9.353564154101716e-5,0.00014418102762559133,0.0,0.00018707128308203432,0.00017154573491671366,8.295026715868882e-5,0.0001464977604463976,0.00015926511269560511,0.00016528435948578668,0.00016231147609092525,0.00014673482965305194,0.0001294814773663821,0.00017581237577653583,0.00015952667197706346,0.0,0.00015772612724386615,0.00015770305877397213,8.684231084749417e-5,0.0001608758028949489,0.00016577817065058754,0.0001303591086194089,0.0001520760830576488,0.00015977480423535047,0.0001595890247540859,0.00015494685245589116,0.00015325624156112088,0.0,0.0001672240175431903,0.0001633209971911826,8.453191864492759e-5,0.00015168558748968248,0.00016178515067498847,0.00015947525752628257,0.0001562775669906738,0.00015357862729054636,0.0001540805260563228,0.00016147483821935357,0.00015561572826677708,0.0,0.0001635179003922255,0.00015723921477350266,9.264959248150946e-5,0.0001558428598285577,0.00017423601703749083,0.00015379664503040516,0.00015610864049155106,0.00015556655277081,0.00016112818550505112,0.00015756875254891616,0.0001576152597414669,0.0,0.00017594639893609337,0.00018529918496301893,0.0,0.00015950017245441102,0.0,0.00016682495249774757,0.0,0.0001636371083586114,0.0,0.00017594639893609337,0.0,0.0,0.0
8.761493227998674e-5,8.761493227998674e-5,7.046067498166644e-5,0.00016504490760899836,8.469856895971519e-5,0.0001377265810219504,7.817837257075784e-5,0.00015820018038770547,8.756160257074773e-5,0.00014643083376413867,0.0,0.00017512320514149546,0.00016503659540563704,7.008048818287792e-5,0.00012861446010218423,0.00012911023947100974,0.00016231147609092525,0.00016013200116989917,0.0001504180305339515,0.0001253166683376415,0.00016459795221079168,0.00014863510667640362,0.0,0.00014952603370115813,0.0001371282904474463,8.418681019101907e-5,0.00016048055600860071,0.00016088187112859505,0.0001251158217224429,0.00013290133607431092,0.0001490664983850224,0.00015053471697804314,0.00014655078389845186,0.0001445334579705233,0.0,0.0001572089669015885,0.00015712281890371718,7.828358680839457e-5,0.00013233596747752575,0.0001505167182236805,0.00015054016670876,0.00014836844751761838,0.0001448118777796325,0.00014473865011559894,0.0001518769605685312,0.00014652719891838483,0.0,0.00015395737106966835,0.00014650064505621413,8.735540071608382e-5,0.0001479065106491837,0.0001642484021276655,0.00014450517313270843,0.00014670177982322352,0.00014650001669008663,0.00015175089982548252,0.00014832459847250275,0.0001483407081737928,0.0,0.00016564502296676856,0.00017471080143216763,0.0,0.0001497478446631817,0.0,0.00015712980106228494,0.0,0.00015401024521237864,0.0,0.00016564502296676856,0.0,0.0,0.0
8.98291512927071e-5,8.98291512927071e-5,8.434674294498358e-5,0.00016616997718733672,7.465900457227704e-5,0.0001612468742027058,8.930931830912845e-5,0.00013481555186576496,7.957729453459124e-5,0.00015555483633991211,0.0,0.00015915458906918249,0.00016651630847782942,8.365177155928044e-5,0.0001616110650951952,0.000160467928496576,0.00014673482965305194,0.0001504180305339515,0.00016353524935986888,0.00015949656213930095,0.00015515664686614029,0.00012896559554128456,0.0,0.00016339369345513935,0.0001580682213479078,8.484045788095592e-5,0.0001505172759636916,0.0001617958793300418,0.0001582588903888666,0.0001532630188715824,0.00012993738048005369,0.00015147086463280826,0.00015808869534620856,0.00015549489449582433,0.0,0.00016217438444510556,0.00015974423058054646,8.367969684742626e-5,0.00015291621392155954,0.00015999750263708605,0.00015134945002098554,0.0001530743250980882,0.0001558478859741932,0.000153264154300251,0.00015731147667301127,0.00015229653089036122,0.0,0.0001620569120311401,0.00015553786085527733,9.119673080997207e-5,0.00015267720869762425,0.00017151736274615139,0.0001528875923577826,0.00015423516514045772,0.00015230911479878007,0.00015840652290171383,0.00015587709598542077,0.00015562772932741504,0.0,0.00017324573878786326,0.00018239346161994413,0.0,0.00015768774727004098,0.0,0.00016384825453042356,0.0,0.00016168564098855846,0.0,0.00017324573878786326,0.0,0.0,0.0
8.484409954954283e-5,8.484409954954283e-5,8.09106937908321e-5,0.00015704225921395573,7.152967642062653e-5,0.00015477570470509772,8.319401216718012e-5,0.0001387746916341338,8.519822547444161e-5,0.00015275521599557876,0.0,0.00017039645094888323,0.00015739266738619333,8.028626426724662e-5,0.00015627378923202084,0.0001551086055007767,0.0001294814773663821,0.0001253166683376415,0.00015949656213930095,0.00015903687256224206,0.0001609923082301307,0.0001256986727573994,0.0,0.00015315076697132568,0.0001517608708709271,7.960409614509918e-5,0.00013236376714306983,0.0001517628895763548,0.00015928467590974437,0.00015009896549084714,0.00012550340630502866,0.00013365885859949176,0.00014891245826706496,0.00014825396912138586,0.0,0.00015468775465433558,0.00015034652837142245,8.011370230600035e-5,0.00014907663889354456,0.00015299720957320358,0.00013328200446434773,0.00014423334875801722,0.00014871199949099352,0.00014705954805257294,0.00014995226214466604,0.0001445601334592368,0.0,0.0001541242957821911,0.0001485611429601448,8.651599203245516e-5,0.00014381931272729144,0.00016279447603651136,0.0001465490324732822,0.00014699984199487734,0.00014455057556572991,0.00015037215223024446,0.00014822603699053585,0.0001481674853026703,0.0,0.00016484021475060106,0.00017303198406491032,0.0,0.00015037586835934405,0.0,0.0001554043814595098,0.0,0.00015401182802082436,0.0,0.00016484021475060106,0.0,0.0,0.0
9.695774489617872e-5,9.695774489617872e-5,8.915582848812715e-5,0.00017969430960929365,9.192377987555982e-5,0.00016855154500696926,7.791810201339161e-5,0.00017545810805019252,9.107648434642728e-5,0.00014190487355775867,0.0,0.00018215296869285457,0.0001795635935242771,8.945783330788752e-5,0.00017091846213011918,0.00017136100804096552,0.00017581237577653583,0.00016459795221079168,0.00015515664686614029,0.0001609923082301307,0.00016769846720629053,0.00017238425539507454,0.0,0.00012367694001269979,0.00016916220326898342,9.138733993221128e-5,0.00016436077616171536,0.0001743223421941375,0.00016110595052425385,0.00016307585360520596,0.0001703749868275234,0.00016641983087144826,0.0001372373698950701,0.00016054480038838858,0.0,0.00018296367623364665,0.0001719490814694312,8.979148873621916e-5,0.0001628571042801259,0.00017161880813224936,0.00016614377855244547,0.00016491892949131715,0.00016074194779318793,0.00016336879022207343,0.00017507055656854588,0.00016524132836103904,0.0,0.00017162434096680223,0.00016681112042181816,9.796462341199455e-5,0.00016451501210641914,0.00018425720962735755,0.00016303512714835864,0.0001653589699761909,0.00016511532172564628,0.0001704858500320396,0.00016587909905826768,0.00016668433499545431,0.0,0.0001865975385111744,0.0001959292468239891,0.0,0.00016897817481130778,0.0,0.00017641896407695758,0.0,0.00017297428834010537,0.0,0.0001865975385111744,0.0,0.0,0.0
8.652480830357858e-5,8.652480830357858e-5,7.898213908211102e-5,0.00016051317455173923,8.28003323974697e-5,0.00014941063404181723,7.079193663565703e-5,0.00015795702793570723,9.074791956455335e-5,0.0001370833109401581,0.0,0.0001814958391291067,0.00016031872694673683,7.946730114574142e-5,0.00015158390423704177,0.00015217262068801155,0.00015952667197706346,0.00014863510667640362,0.00012896559554128456,0.0001256986727573994,0.00017238425539507454,0.00015970831179904722,0.0,0.00012087664335405433,0.0001503768953203808,8.166532152264092e-5,0.00014790219607820526,0.00015590378653215745,0.00013315595160550377,0.0001437463011417048,0.000160236714520439,0.00015270827321394996,0.00012752023766559177,0.00013377304693208553,0.0,0.0001628295679276379,0.00015362611576843642,7.984367767987588e-5,0.00014375556226216233,0.00015261879819790885,0.00015169338899837485,0.00014770930144157552,0.0001331512215478319,0.00014434997019284834,0.0001559883295965492,0.0001484416319493775,0.0,0.0001526252369136677,0.0001484163397471008,8.74201955772719e-5,0.00014730326084232956,0.0001644003944274569,0.00014404474958612393,0.0001471693698195603,0.00014824901218374396,0.00015229323776652596,0.00014761478127258277,0.0001483076970589727,0.0,0.0001664837371656548,0.0001748403911545438,0.0,0.00015029054543448165,0.0,0.00015767760210387858,0.0,0.00015375623336171673,0.0,0.0001664837371656548,0.0,0.0,0.0
0.0,0.0,0.0,0.0,0.0,0.0,0.0,0.0,0.0,0.0,0.0,0.0,0.0,0.0,0.0,0.0,0.0,0.0,0.0,0.0,0.0,0.0,0.0,0.0,0.0,0.0,0.0,0.0,0.0,0.0,0.0,0.0,0.0,0.0,0.0,0.0,0.0,0.0,0.0,0.0,0.0,0.0,0.0,0.0,0.0,0.0,0.0,0.0,0.0,0.0,0.0,0.0,0.0,0.0,0.0,0.0,0.0,0.0,0.0,0.0,0.0,0.0,0.0,0.0,0.0,0.0,0.0,0.0,0.0,0.0,0.0,0.0
8.880891690758955e-5,8.880891690758955e-5,8.235952571628221e-5,0.00016443710468143434,8.241461279123415e-5,0.00015596381463578977,8.437924669995941e-5,0.00015501794481449492,7.28218649006549e-5,0.00016067322671866387,0.0,0.0001456437298013098,0.0001644675748838315,8.221599929427933e-5,0.00015774862963369933,0.0001575466445585435,0.00015772612724386615,0.00014952603370115813,0.00016339369345513935,0.00015315076697132568,0.00012367694001269979,0.00012087664335405433,0.0,0.00019489400870902282,0.00015541074380277708,8.370676032251709e-5,0.00014963017801576686,0.00015957895497252956,0.00015226511846208593,0.00015060540311738634,0.00013245479057743815,0.00014845202825761376,0.0001741103080976725,0.000157259525098889,0.0,0.00013093221880691107,0.00015752225818432548,8.243791449243689e-5,0.00015018903737307684,0.00015762237613654767,0.00014891094870018456,0.00015060010288331388,0.00015648946910883131,0.00015150058569238952,0.00013531927059281664,0.00014791707401476948,0.0,0.00016314208250490676,0.00015316445213667075,8.982825246201583e-5,0.0001502665097395188,0.0001688675871973161,0.00015106340139611326,0.0001520072644658439,0.0001479001549944126,0.00015569606021659707,0.00015566149777219878,0.0001538127730421177,0.0,0.00016945492840854165,0.00017965650492403167,0.0,0.00015546835485008245,0.0,0.00016096628613150308,0.0,0.00015996936282429569,0.0,0.00016945492840854165,0.0,0.0,0.0
7.780777080646833e-5,7.780777080646833e-5,8.460608313394222e-5,0.0001490922238033906,8.224894255249522e-5,0.00015896926330613334,8.271365847655774e-5,0.00015562005468133732,8.993674079969824e-5,0.00015347414594564914,0.0,0.00017987348159939647,0.00013879989508055562,8.697351186050778e-5,0.00016278592439444576,0.00016014740399718507,0.00015770305877397213,0.0001371282904474463,0.0001580682213479078,0.0001517608708709271,0.00016916220326898342,0.0001503768953203808,0.0,0.00015541074380277708,0.00015628489184673855,6.597228193467341e-5,0.00013767144254007424,0.00013508663694333613,0.00015204560479270464,0.0001547659844450161,0.0001507387182342712,0.00015051456870333202,0.00015199533252885093,0.0001504807943017758,0.0,0.00016175678989954255,0.00013524411657158322,8.478015365199796e-5,0.0001546972501149988,0.0001612033292214787,0.00015049025586927927,0.00014973238772438848,0.00015084412335055576,0.00015094040262245663,0.00015640028323904315,0.00015077344886715516,0.0,0.00015927988782725582,0.00015610521339055522,8.942517084525887e-5,0.00014937791943835842,0.0001684010604958651,0.00015063951881305477,0.0001523818493434656,0.000150728312378247,0.0001562030451682324,0.00015336842479676675,0.0001533601369228229,0.0,0.00017099824973119368,0.00017885034169051774,0.0,0.00015593812229460077,0.0,0.00016155230716536452,0.0,0.00015929499646022993,0.0,0.00017099824973119368,0.0,0.0,0.0
4.847913608816167e-5,4.847913608816167e-5,4.315282297779556e-5,9.013067194211263e-5,4.549444803930547e-5,8.229977731910522e-5,4.429852857949378e-5,8.559486881680823e-5,4.859161188330705e-5,8.245456219006529e-5,0.0,9.71832237666141e-5,9.185071729707918e-5,3.6641704470859614e-5,8.301633104800473e-5,7.382713144854057e-5,8.684231084749417e-5,8.418681019101907e-5,8.484045788095592e-5,7.960409614509918e-5,9.138733993221128e-5,8.166532152264092e-5,0.0,8.370676032251709e-5,6.597228193467341e-5,4.977901847019549e-5,8.47062162951751e-5,9.001872249627691e-5,7.978165466431016e-5,7.124328034923067e-5,8.18864484865893e-5,8.279512765791189e-5,8.192998337682467e-5,8.074336210234264e-5,0.0,8.746878862899526e-5,8.792413271513906e-5,3.681124095002294e-5,7.154811965343851e-5,7.47005263212348e-5,8.294026789741403e-5,8.291061351535517e-5,8.095677811009948e-5,8.046892910563774e-5,8.45393606891068e-5,8.155455855718767e-5,0.0,8.585734874293773e-5,7.345961991022565e-5,4.882325128350359e-5,8.280900481714659e-5,9.190385490129199e-5,8.03543961919067e-5,8.113457905475914e-5,8.155136290470316e-5,8.455946984452519e-5,8.271110879154344e-5,8.269177930586193e-5,0.0,9.23084968388134e-5,9.764650256700718e-5,0.0,8.248456327702704e-5,0.0,8.756628207444241e-5,0.0,8.584714193410118e-5,0.0,9.23084968388134e-5,0.0,0.0,0.0
8.760378310344732e-5,8.760378310344732e-5,7.010838833635302e-5,0.0001650161587744897,8.416593755928794e-5,0.0001371543261148247,7.827951698032705e-5,0.00015707610054887768,8.740187301619113e-5,0.00014647316661699775,0.0,0.00017480374603238226,0.0001650338834328832,7.042306982454429e-5,0.0001290959159296561,0.00012859236782160495,0.0001608758028949489,0.00016048055600860071,0.0001505172759636916,0.00013236376714306983,0.00016436077616171536,0.00014790219607820526,0.0,0.00014963017801576686,0.00013767144254007424,8.47062162951751e-5,0.00016015776743025538,0.0001623200530283324,0.00013290443714163245,0.00012509453175966713,0.00014834899815022458,0.00015053427071762558,0.00014664062500749996,0.00014455383725965514,0.0,0.00015713419191568947,0.00015822867851233733,7.81806304422603e-5,0.00012527872913392982,0.0001504111217741652,0.00015056228005170093,0.00014912203127875765,0.00014484039583712393,0.00014470196027811794,0.00015182616827013343,0.0001465239263631609,0.0,0.0001540177798522445,0.0001464590689191721,8.750074298008907e-5,0.00014863061884901,0.0001644578967038508,0.00014444344466536154,0.000146638049007093,0.0001465194604672434,0.0001517611777965943,0.00014837130377740547,0.00014837413248606942,0.0,0.00016565087832696516,0.00017500148596017815,0.0,0.00014964200390363817,0.0,0.00015714858026767467,0.0,0.0001540492481573461,0.0,0.00016565087832696516,0.0,0.0,0.0
9.24747668096293e-5,9.24747668096293e-5,8.299299025089786e-5,0.0001716110202947356,8.680709403638424e-5,0.00015776968444969767,8.452196295108053e-5,0.00016327849387346664,9.270454354160253e-5,0.00015726207181581453,0.0,0.00018540908708320505,0.00017416066454388444,7.39649530036351e-5,0.0001593136699431548,0.0001465616362872729,0.00016577817065058754,0.00016088187112859505,0.0001617958793300418,0.0001517628895763548,0.0001743223421941375,0.00015590378653215745,0.0,0.00015957895497252956,0.00013508663694333613,9.001872249627691e-5,0.0001623200530283324,0.00016532692693271272,0.0001520979743720835,0.00013033348890402688,0.0001563123315588507,0.00015945320023569664,0.00015618732726185885,0.00015387755643525637,0.0,0.00016685324523741575,0.0001620513430786632,7.350779881611075e-5,0.00012943829187659996,0.0001467788841464818,0.00015961580156317195,0.00015981765035175428,0.00015422249158727862,0.00015355162140186693,0.00016123180620762663,0.00015562400328061315,0.0,0.0001636725195881265,0.00014419482173678354,9.353779038826929e-5,0.00015953135657593818,0.0001757600755140211,0.00015328614565066206,0.00015502568381406474,0.00015561564071994388,0.0001613594072878491,0.00015767431913053936,0.00015764704446839217,0.0,0.00017600392397249643,0.00018707558077653858,0.0,0.00015783628194328392,0.0,0.00016717059980151633,0.0,0.00016366362923231085,0.0,0.00017600392397249643,0.0,0.0,0.0
8.497094781334081e-5,8.497094781334081e-5,8.092745220622256e-5,0.00015727020079937581,7.122721493516597e-5,0.0001548067404013826,8.27896606766826e-5,0.0001383123000876759,8.526159211207742e-5,0.00015185709471881998,0.0,0.00017052318422415485,0.00015759153892592442,8.048349421751444e-5,0.00015633135406242383,0.00015538583400667814,0.0001303591086194089,0.0001251158217224429,0.0001582588903888666,0.00015928467590974437,0.00016110595052425385,0.00013315595160550377,0.0,0.00015226511846208593,0.00015204560479270464,7.978165466431016e-5,0.00013290443714163245,0.0001520979743720835,0.00015876684481682765,0.00015106698546441956,0.00013368372913608333,0.00012576819638685134,0.00014835505018159182,0.00014836875155073927,0.0,0.00015493749001447153,0.00015064924139422952,8.023086020909147e-5,0.00015005224702962955,0.0001533140617206233,0.00012638356059754483,0.00014421077570948685,0.0001488761730887435,0.00014793775295418596,0.00015016672553740077,0.00014470935725149293,0.0,0.00015429639864174762,0.00014880888871214305,8.662586390951442e-5,0.0001437592665902202,0.00016301277386126712,0.00014741552117304455,0.00014727522542797134,0.0001446813647600452,0.0001504608478963963,0.0001483878381858626,0.00014837822652094554,0.0,0.00016501555292091385,0.00017325172781902884,0.0,0.00015069476347971073,0.0,0.00015545041998484254,0.0,0.00015424657232976705,0.0,0.00016501555292091385,0.0,0.0,0.0
8.493422766592322e-5,8.493422766592322e-5,8.044684036548047e-5,0.00015751342756377529,7.97603570953295e-5,0.00015199472963360356,8.019725122213732e-5,0.00015060166848897575,8.665683379476971e-5,0.00014871550464193742,0.0,0.00017331366758953942,0.00015720490080106282,8.090824861725248e-5,0.00015527145874314857,0.0001563467394768521,0.0001520760830576488,0.00013290133607431092,0.0001532630188715824,0.00015009896549084714,0.00016307585360520596,0.0001437463011417048,0.0,0.00015060540311738634,0.0001547659844450161,7.124328034923067e-5,0.00012509453175966713,0.00013033348890402688,0.00015106698546441956,0.00015873828595655735,0.00014418302009471147,0.00012635912752643656,0.00014715549385797423,0.00014737732223392075,0.0,0.00015548622560790238,0.00013832374754850306,8.273816023927308e-5,0.00015923102407878158,0.00015812387477122803,0.00012571944551751103,0.0001336631465830782,0.0001479414582209283,0.0001487251354065186,0.00015052815695970717,0.00014471400465100245,0.0,0.00015416063531779165,0.0001518296500378601,8.516639519858849e-5,0.000133164173215655,0.00016092935323203648,0.00014828644598409224,0.00014837875253574887,0.00014464219434061131,0.00014998671114943075,0.00014829847554323863,0.0001483722378588362,0.0,0.00016496347919449895,0.00017033279039717697,0.0,0.00015229731763328474,0.0,0.00015479509673351367,0.0,0.00015425153841832484,0.0,0.00016496347919449895,0.0,0.0,0.0
